  0.73999999999999999      -0.50000000000000000     
  0.72999999999999998      -0.50000000000000000     
  0.71999999999999997      -0.50000000000000000     
  0.70999999999999996      -0.50000000000000000     
  0.69999999999999996      -0.50000000000000000     
  0.68999999999999995      -0.50000000000000000     
  0.67999999999999994      -0.50000000000000000     
  0.67000000000000004      -0.50000000000000000     
  0.66000000000000003      -0.50000000000000000     
  0.65000000000000002      -0.50000000000000000     
  0.64000000000000001      -0.50000000000000000     
  0.63000000000000000      -0.50000000000000000     
  0.62000000000000000      -0.50000000000000000     
  0.60999999999999999      -0.50000000000000000     
  0.59999999999999998      -0.50000000000000000     
  0.58999999999999997      -0.50000000000000000     
  0.58000000000000007      -0.50000000000000000     
  0.57000000000000006      -0.50000000000000000     
  0.56000000000000005      -0.50000000000000000     
  0.55000000000000004      -0.50000000000000000     
  0.54000000000000004      -0.50000000000000000     
  0.53000000000000003      -0.50000000000000000     
  0.52000000000000002      -0.50000000000000000     
  0.51000000000000001      -0.50000000000000000     
  0.50000000000000000      -0.50000000000000000     
  0.48999999999999999      -0.50000000000000000     
  0.47999999999999998      -0.50000000000000000     
  0.46999999999999997      -0.50000000000000000     
  0.46000000000000002      -0.50000000000000000     
  0.44999999999999996      -0.50000000000000000     
  0.44000000000000000      -0.50000000000000000     
  0.42999999999999999      -0.50000000000000000     
  0.41999999999999998      -0.50000000000000000     
  0.41000000000000003      -0.50000000000000000     
  0.40000000000000002      -0.50000000000000000     
  0.39000000000000001      -0.50000000000000000     
  0.38000000000000000      -0.50000000000000000     
  0.37000000000000000      -0.50000000000000000     
  0.35999999999999999      -0.50000000000000000     
  0.34999999999999998      -0.50000000000000000     
  0.34000000000000002      -0.50000000000000000     
  0.32999999999999996      -0.50000000000000000     
  0.31999999999999995      -0.50000000000000000     
  0.31000000000000000      -0.50000000000000000     
  0.30000000000000004      -0.50000000000000000     
  0.29000000000000004      -0.50000000000000000     
  0.27999999999999997      -0.50000000000000000     
  0.27000000000000002      -0.50000000000000000     
  0.26000000000000001      -0.50000000000000000     
  0.25000000000000000      -0.50000000000000000     
  0.23999999999999999      -0.50000000000000000     
  0.22999999999999998      -0.50000000000000000     
  0.21999999999999997      -0.50000000000000000     
  0.20999999999999996      -0.50000000000000000     
  0.20000000000000007      -0.50000000000000000     
  0.18999999999999995      -0.50000000000000000     
  0.17999999999999994      -0.50000000000000000     
  0.17000000000000004      -0.50000000000000000     
  0.16000000000000003      -0.50000000000000000     
  0.14999999999999991      -0.50000000000000000     
  0.14000000000000001      -0.50000000000000000     
  0.13000000000000000      -0.50000000000000000     
  0.12000000000000000      -0.50000000000000000     
  0.10999999999999999      -0.50000000000000000     
   9.9999999999999978E-002 -0.50000000000000000     
   8.9999999999999969E-002 -0.50000000000000000     
   8.0000000000000071E-002 -0.50000000000000000     
   7.0000000000000062E-002 -0.50000000000000000     
   5.9999999999999942E-002 -0.50000000000000000     
   5.0000000000000044E-002 -0.50000000000000000     
   4.0000000000000036E-002 -0.50000000000000000     
   3.0000000000000027E-002 -0.50000000000000000     
   2.0000000000000018E-002 -0.50000000000000000     
   1.0000000000000009E-002 -0.50000000000000000     
   0.0000000000000000      -0.50000000000000000     
  -1.0000000000000009E-002 -0.50000000000000000     
  -2.0000000000000018E-002 -0.50000000000000000     
  -3.0000000000000027E-002 -0.50000000000000000     
  -3.9999999999999925E-002 -0.50000000000000000     
  -5.0000000000000044E-002 -0.50000000000000000     
  -6.0000000000000053E-002 -0.50000000000000000     
  -6.9999999999999951E-002 -0.50000000000000000     
  -8.0000000000000071E-002 -0.50000000000000000     
  -9.0000000000000080E-002 -0.50000000000000000     
  -9.9999999999999978E-002 -0.50000000000000000     
 -0.11000000000000010      -0.50000000000000000     
 -0.11999999999999988      -0.50000000000000000     
 -0.13000000000000000      -0.50000000000000000     
 -0.14000000000000012      -0.50000000000000000     
 -0.14999999999999991      -0.50000000000000000     
 -0.16000000000000003      -0.50000000000000000     
 -0.16999999999999993      -0.50000000000000000     
 -0.17999999999999994      -0.50000000000000000     
 -0.19000000000000006      -0.50000000000000000     
 -0.19999999999999996      -0.50000000000000000     
 -0.20999999999999996      -0.50000000000000000     
 -0.21999999999999997      -0.50000000000000000     
 -0.22999999999999998      -0.50000000000000000     
 -0.23999999999999999      -0.50000000000000000     
 -0.25000000000000000      -0.50000000000000000     
 -0.26000000000000001      -0.50000000000000000     
 -0.27000000000000002      -0.50000000000000000     
 -0.28000000000000003      -0.50000000000000000     
 -0.29000000000000004      -0.50000000000000000     
 -0.29999999999999982      -0.50000000000000000     
 -0.31000000000000005      -0.50000000000000000     
 -0.32000000000000006      -0.50000000000000000     
 -0.33000000000000007      -0.50000000000000000     
 -0.34000000000000008      -0.50000000000000000     
 -0.34999999999999987      -0.50000000000000000     
 -0.35999999999999988      -0.50000000000000000     
 -0.37000000000000011      -0.50000000000000000     
 -0.37999999999999989      -0.50000000000000000     
 -0.39000000000000012      -0.50000000000000000     
 -0.40000000000000013      -0.50000000000000000     
 -0.40999999999999992      -0.50000000000000000     
 -0.41999999999999993      -0.50000000000000000     
 -0.42999999999999994      -0.50000000000000000     
 -0.43999999999999995      -0.50000000000000000     
 -0.45000000000000018      -0.50000000000000000     
 -0.45999999999999996      -0.50000000000000000     
 -0.46999999999999997      -0.50000000000000000     
 -0.47999999999999998      -0.50000000000000000     
 -0.48999999999999999      -0.50000000000000000     
 -0.50000000000000000      -0.50000000000000000     
 -0.51000000000000001      -0.50000000000000000     
 -0.52000000000000002      -0.50000000000000000     
 -0.53000000000000003      -0.50000000000000000     
 -0.54000000000000004      -0.50000000000000000     
 -0.55000000000000004      -0.50000000000000000     
 -0.56000000000000005      -0.50000000000000000     
 -0.57000000000000006      -0.50000000000000000     
 -0.58000000000000007      -0.50000000000000000     
 -0.58999999999999986      -0.50000000000000000     
 -0.60000000000000009      -0.50000000000000000     
 -0.60999999999999988      -0.50000000000000000     
 -0.62000000000000011      -0.50000000000000000     
 -0.63000000000000012      -0.50000000000000000     
 -0.63999999999999990      -0.50000000000000000     
 -0.64999999999999991      -0.50000000000000000     
 -0.65999999999999992      -0.50000000000000000     
 -0.66999999999999993      -0.50000000000000000     
 -0.68000000000000016      -0.50000000000000000     
 -0.68999999999999995      -0.50000000000000000     
 -0.69999999999999996      -0.50000000000000000     
 -0.70999999999999996      -0.50000000000000000     
 -0.71999999999999997      -0.50000000000000000     
 -0.72999999999999998      -0.50000000000000000     
 -0.73999999999999999      -0.50000000000000000     
 -0.75000000000000000      -0.50000000000000000     
