 -0.50000000000000000       0.48999999999999999     
 -0.50000000000000000       0.47999999999999998     
 -0.50000000000000000       0.46999999999999997     
 -0.50000000000000000       0.46000000000000002     
 -0.50000000000000000       0.45000000000000001     
 -0.50000000000000000       0.44000000000000000     
 -0.50000000000000000       0.42999999999999999     
 -0.50000000000000000       0.41999999999999998     
 -0.50000000000000000       0.41000000000000003     
 -0.50000000000000000       0.40000000000000002     
 -0.50000000000000000       0.39000000000000001     
 -0.50000000000000000       0.38000000000000000     
 -0.50000000000000000       0.37000000000000000     
 -0.50000000000000000       0.35999999999999999     
 -0.50000000000000000       0.34999999999999998     
 -0.50000000000000000       0.33999999999999997     
 -0.50000000000000000       0.32999999999999996     
 -0.50000000000000000       0.32000000000000001     
 -0.50000000000000000       0.31000000000000000     
 -0.50000000000000000       0.29999999999999999     
 -0.50000000000000000       0.29000000000000004     
 -0.50000000000000000       0.28000000000000003     
 -0.50000000000000000       0.27000000000000002     
 -0.50000000000000000       0.26000000000000001     
 -0.50000000000000000       0.25000000000000000     
 -0.50000000000000000       0.23999999999999999     
 -0.50000000000000000       0.22999999999999998     
 -0.50000000000000000       0.21999999999999997     
 -0.50000000000000000       0.21000000000000002     
 -0.50000000000000000       0.20000000000000001     
 -0.50000000000000000       0.19000000000000000     
 -0.50000000000000000       0.17999999999999999     
 -0.50000000000000000       0.16999999999999998     
 -0.50000000000000000       0.15999999999999998     
 -0.50000000000000000       0.15000000000000002     
 -0.50000000000000000       0.14000000000000001     
 -0.50000000000000000       0.13000000000000000     
 -0.50000000000000000       0.12000000000000000     
 -0.50000000000000000       0.10999999999999999     
 -0.50000000000000000        9.9999999999999978E-002
 -0.50000000000000000        9.0000000000000024E-002
 -0.50000000000000000        8.0000000000000016E-002
 -0.50000000000000000        7.0000000000000007E-002
 -0.50000000000000000        5.9999999999999998E-002
 -0.50000000000000000        4.9999999999999989E-002
 -0.50000000000000000        3.9999999999999980E-002
 -0.50000000000000000        3.0000000000000027E-002
 -0.50000000000000000        2.0000000000000018E-002
 -0.50000000000000000        1.0000000000000009E-002
 -0.50000000000000000        0.0000000000000000     
