  0.50000000000000000        1.0000000000000000E-002
  0.50000000000000000        2.0000000000000000E-002
  0.50000000000000000        2.9999999999999999E-002
  0.50000000000000000        4.0000000000000001E-002
  0.50000000000000000        5.0000000000000003E-002
  0.50000000000000000        5.9999999999999998E-002
  0.50000000000000000        7.0000000000000007E-002
  0.50000000000000000        8.0000000000000002E-002
  0.50000000000000000        8.9999999999999997E-002
  0.50000000000000000       0.10000000000000001     
  0.50000000000000000       0.11000000000000000     
  0.50000000000000000       0.12000000000000000     
  0.50000000000000000       0.13000000000000000     
  0.50000000000000000       0.14000000000000001     
  0.50000000000000000       0.14999999999999999     
  0.50000000000000000       0.16000000000000000     
  0.50000000000000000       0.17000000000000001     
  0.50000000000000000       0.17999999999999999     
  0.50000000000000000       0.19000000000000000     
  0.50000000000000000       0.20000000000000001     
  0.50000000000000000       0.20999999999999999     
  0.50000000000000000       0.22000000000000000     
  0.50000000000000000       0.23000000000000001     
  0.50000000000000000       0.23999999999999999     
  0.50000000000000000       0.25000000000000000     
  0.50000000000000000       0.26000000000000001     
  0.50000000000000000       0.27000000000000002     
  0.50000000000000000       0.28000000000000003     
  0.50000000000000000       0.28999999999999998     
  0.50000000000000000       0.29999999999999999     
  0.50000000000000000       0.31000000000000000     
  0.50000000000000000       0.32000000000000001     
  0.50000000000000000       0.33000000000000002     
  0.50000000000000000       0.34000000000000002     
  0.50000000000000000       0.34999999999999998     
  0.50000000000000000       0.35999999999999999     
  0.50000000000000000       0.37000000000000000     
  0.50000000000000000       0.38000000000000000     
  0.50000000000000000       0.39000000000000001     
  0.50000000000000000       0.40000000000000002     
  0.50000000000000000       0.40999999999999998     
  0.50000000000000000       0.41999999999999998     
  0.50000000000000000       0.42999999999999999     
  0.50000000000000000       0.44000000000000000     
  0.50000000000000000       0.45000000000000001     
  0.50000000000000000       0.46000000000000002     
  0.50000000000000000       0.46999999999999997     
  0.50000000000000000       0.47999999999999998     
  0.50000000000000000       0.48999999999999999     
  0.50000000000000000       0.50000000000000000     
