  0.51000000000000001       0.50000000000000000     
  0.52000000000000002       0.50000000000000000     
  0.53000000000000003       0.50000000000000000     
  0.54000000000000004       0.50000000000000000     
  0.55000000000000004       0.50000000000000000     
  0.56000000000000005       0.50000000000000000     
  0.57000000000000006       0.50000000000000000     
  0.57999999999999996       0.50000000000000000     
  0.58999999999999997       0.50000000000000000     
  0.59999999999999998       0.50000000000000000     
  0.60999999999999999       0.50000000000000000     
  0.62000000000000000       0.50000000000000000     
  0.63000000000000000       0.50000000000000000     
  0.64000000000000001       0.50000000000000000     
  0.65000000000000002       0.50000000000000000     
  0.66000000000000003       0.50000000000000000     
  0.67000000000000004       0.50000000000000000     
  0.67999999999999994       0.50000000000000000     
  0.68999999999999995       0.50000000000000000     
  0.69999999999999996       0.50000000000000000     
  0.70999999999999996       0.50000000000000000     
  0.71999999999999997       0.50000000000000000     
  0.72999999999999998       0.50000000000000000     
  0.73999999999999999       0.50000000000000000     
  0.75000000000000000       0.50000000000000000     
