         700
           1  0.48999999999999999       0.50000000000000000     
           2  0.47999999999999998       0.50000000000000000     
           3  0.46999999999999997       0.50000000000000000     
           4  0.46000000000000002       0.50000000000000000     
           5  0.45000000000000001       0.50000000000000000     
           6  0.44000000000000000       0.50000000000000000     
           7  0.42999999999999999       0.50000000000000000     
           8  0.41999999999999998       0.50000000000000000     
           9  0.41000000000000003       0.50000000000000000     
          10  0.40000000000000002       0.50000000000000000     
          11  0.39000000000000001       0.50000000000000000     
          12  0.38000000000000000       0.50000000000000000     
          13  0.37000000000000000       0.50000000000000000     
          14  0.35999999999999999       0.50000000000000000     
          15  0.34999999999999998       0.50000000000000000     
          16  0.33999999999999997       0.50000000000000000     
          17  0.32999999999999996       0.50000000000000000     
          18  0.32000000000000001       0.50000000000000000     
          19  0.31000000000000000       0.50000000000000000     
          20  0.29999999999999999       0.50000000000000000     
          21  0.29000000000000004       0.50000000000000000     
          22  0.28000000000000003       0.50000000000000000     
          23  0.27000000000000002       0.50000000000000000     
          24  0.26000000000000001       0.50000000000000000     
          25  0.25000000000000000       0.50000000000000000     
          26  0.23999999999999999       0.50000000000000000     
          27  0.22999999999999998       0.50000000000000000     
          28  0.21999999999999997       0.50000000000000000     
          29  0.21000000000000002       0.50000000000000000     
          30  0.20000000000000001       0.50000000000000000     
          31  0.19000000000000000       0.50000000000000000     
          32  0.17999999999999999       0.50000000000000000     
          33  0.16999999999999998       0.50000000000000000     
          34  0.15999999999999998       0.50000000000000000     
          35  0.15000000000000002       0.50000000000000000     
          36  0.14000000000000001       0.50000000000000000     
          37  0.13000000000000000       0.50000000000000000     
          38  0.12000000000000000       0.50000000000000000     
          39  0.10999999999999999       0.50000000000000000     
          40   9.9999999999999978E-002  0.50000000000000000     
          41   9.0000000000000024E-002  0.50000000000000000     
          42   8.0000000000000016E-002  0.50000000000000000     
          43   7.0000000000000007E-002  0.50000000000000000     
          44   5.9999999999999998E-002  0.50000000000000000     
          45   4.9999999999999989E-002  0.50000000000000000     
          46   3.9999999999999980E-002  0.50000000000000000     
          47   3.0000000000000027E-002  0.50000000000000000     
          48   2.0000000000000018E-002  0.50000000000000000     
          49   1.0000000000000009E-002  0.50000000000000000     
          50   0.0000000000000000       0.50000000000000000     
          51  -1.0000000000000009E-002  0.50000000000000000     
          52  -2.0000000000000018E-002  0.50000000000000000     
          53  -3.0000000000000027E-002  0.50000000000000000     
          54  -4.0000000000000036E-002  0.50000000000000000     
          55  -5.0000000000000044E-002  0.50000000000000000     
          56  -6.0000000000000053E-002  0.50000000000000000     
          57  -6.9999999999999951E-002  0.50000000000000000     
          58  -7.9999999999999960E-002  0.50000000000000000     
          59  -8.9999999999999969E-002  0.50000000000000000     
          60  -9.9999999999999978E-002  0.50000000000000000     
          61 -0.10999999999999999       0.50000000000000000     
          62 -0.12000000000000000       0.50000000000000000     
          63 -0.13000000000000000       0.50000000000000000     
          64 -0.14000000000000001       0.50000000000000000     
          65 -0.15000000000000002       0.50000000000000000     
          66 -0.16000000000000003       0.50000000000000000     
          67 -0.17000000000000004       0.50000000000000000     
          68 -0.18000000000000005       0.50000000000000000     
          69 -0.18999999999999995       0.50000000000000000     
          70 -0.19999999999999996       0.50000000000000000     
          71 -0.20999999999999996       0.50000000000000000     
          72 -0.21999999999999997       0.50000000000000000     
          73 -0.22999999999999998       0.50000000000000000     
          74 -0.23999999999999999       0.50000000000000000     
          75 -0.25000000000000000       0.50000000000000000     
          76 -0.26000000000000001       0.50000000000000000     
          77 -0.27000000000000002       0.50000000000000000     
          78 -0.28000000000000003       0.50000000000000000     
          79 -0.29000000000000004       0.50000000000000000     
          80 -0.30000000000000004       0.50000000000000000     
          81 -0.31000000000000005       0.50000000000000000     
          82 -0.31999999999999995       0.50000000000000000     
          83 -0.32999999999999996       0.50000000000000000     
          84 -0.33999999999999997       0.50000000000000000     
          85 -0.34999999999999998       0.50000000000000000     
          86 -0.35999999999999999       0.50000000000000000     
          87 -0.37000000000000000       0.50000000000000000     
          88 -0.38000000000000000       0.50000000000000000     
          89 -0.39000000000000001       0.50000000000000000     
          90 -0.40000000000000002       0.50000000000000000     
          91 -0.41000000000000003       0.50000000000000000     
          92 -0.42000000000000004       0.50000000000000000     
          93 -0.43000000000000005       0.50000000000000000     
          94 -0.43999999999999995       0.50000000000000000     
          95 -0.44999999999999996       0.50000000000000000     
          96 -0.45999999999999996       0.50000000000000000     
          97 -0.46999999999999997       0.50000000000000000     
          98 -0.47999999999999998       0.50000000000000000     
          99 -0.48999999999999999       0.50000000000000000     
         100 -0.50000000000000000       0.50000000000000000     
         101 -0.50000000000000000       0.48999999999999999     
         102 -0.50000000000000000       0.47999999999999998     
         103 -0.50000000000000000       0.46999999999999997     
         104 -0.50000000000000000       0.46000000000000002     
         105 -0.50000000000000000       0.45000000000000001     
         106 -0.50000000000000000       0.44000000000000000     
         107 -0.50000000000000000       0.42999999999999999     
         108 -0.50000000000000000       0.41999999999999998     
         109 -0.50000000000000000       0.41000000000000003     
         110 -0.50000000000000000       0.40000000000000002     
         111 -0.50000000000000000       0.39000000000000001     
         112 -0.50000000000000000       0.38000000000000000     
         113 -0.50000000000000000       0.37000000000000000     
         114 -0.50000000000000000       0.35999999999999999     
         115 -0.50000000000000000       0.34999999999999998     
         116 -0.50000000000000000       0.33999999999999997     
         117 -0.50000000000000000       0.32999999999999996     
         118 -0.50000000000000000       0.32000000000000001     
         119 -0.50000000000000000       0.31000000000000000     
         120 -0.50000000000000000       0.29999999999999999     
         121 -0.50000000000000000       0.29000000000000004     
         122 -0.50000000000000000       0.28000000000000003     
         123 -0.50000000000000000       0.27000000000000002     
         124 -0.50000000000000000       0.26000000000000001     
         125 -0.50000000000000000       0.25000000000000000     
         126 -0.50000000000000000       0.23999999999999999     
         127 -0.50000000000000000       0.22999999999999998     
         128 -0.50000000000000000       0.21999999999999997     
         129 -0.50000000000000000       0.21000000000000002     
         130 -0.50000000000000000       0.20000000000000001     
         131 -0.50000000000000000       0.19000000000000000     
         132 -0.50000000000000000       0.17999999999999999     
         133 -0.50000000000000000       0.16999999999999998     
         134 -0.50000000000000000       0.15999999999999998     
         135 -0.50000000000000000       0.15000000000000002     
         136 -0.50000000000000000       0.14000000000000001     
         137 -0.50000000000000000       0.13000000000000000     
         138 -0.50000000000000000       0.12000000000000000     
         139 -0.50000000000000000       0.10999999999999999     
         140 -0.50000000000000000        9.9999999999999978E-002
         141 -0.50000000000000000        9.0000000000000024E-002
         142 -0.50000000000000000        8.0000000000000016E-002
         143 -0.50000000000000000        7.0000000000000007E-002
         144 -0.50000000000000000        5.9999999999999998E-002
         145 -0.50000000000000000        4.9999999999999989E-002
         146 -0.50000000000000000        3.9999999999999980E-002
         147 -0.50000000000000000        3.0000000000000027E-002
         148 -0.50000000000000000        2.0000000000000018E-002
         149 -0.50000000000000000        1.0000000000000009E-002
         150 -0.50000000000000000        0.0000000000000000     
         151 -0.48999999999999999        0.0000000000000000     
         152 -0.47999999999999998        0.0000000000000000     
         153 -0.46999999999999997        0.0000000000000000     
         154 -0.46000000000000002        0.0000000000000000     
         155 -0.45000000000000001        0.0000000000000000     
         156 -0.44000000000000000        0.0000000000000000     
         157 -0.42999999999999999        0.0000000000000000     
         158 -0.41999999999999998        0.0000000000000000     
         159 -0.41000000000000003        0.0000000000000000     
         160 -0.40000000000000002        0.0000000000000000     
         161 -0.39000000000000001        0.0000000000000000     
         162 -0.38000000000000000        0.0000000000000000     
         163 -0.37000000000000000        0.0000000000000000     
         164 -0.35999999999999999        0.0000000000000000     
         165 -0.34999999999999998        0.0000000000000000     
         166 -0.33999999999999997        0.0000000000000000     
         167 -0.32999999999999996        0.0000000000000000     
         168 -0.32000000000000001        0.0000000000000000     
         169 -0.31000000000000000        0.0000000000000000     
         170 -0.29999999999999999        0.0000000000000000     
         171 -0.29000000000000004        0.0000000000000000     
         172 -0.28000000000000003        0.0000000000000000     
         173 -0.27000000000000002        0.0000000000000000     
         174 -0.26000000000000001        0.0000000000000000     
         175 -0.25000000000000000        0.0000000000000000     
         176 -0.23999999999999999        0.0000000000000000     
         177 -0.22999999999999998        0.0000000000000000     
         178 -0.21999999999999997        0.0000000000000000     
         179 -0.21000000000000002        0.0000000000000000     
         180 -0.20000000000000001        0.0000000000000000     
         181 -0.19000000000000000        0.0000000000000000     
         182 -0.17999999999999999        0.0000000000000000     
         183 -0.16999999999999998        0.0000000000000000     
         184 -0.15999999999999998        0.0000000000000000     
         185 -0.15000000000000002        0.0000000000000000     
         186 -0.14000000000000001        0.0000000000000000     
         187 -0.13000000000000000        0.0000000000000000     
         188 -0.12000000000000000        0.0000000000000000     
         189 -0.10999999999999999        0.0000000000000000     
         190  -9.9999999999999978E-002   0.0000000000000000     
         191  -9.0000000000000024E-002   0.0000000000000000     
         192  -8.0000000000000016E-002   0.0000000000000000     
         193  -7.0000000000000007E-002   0.0000000000000000     
         194  -5.9999999999999998E-002   0.0000000000000000     
         195  -4.9999999999999989E-002   0.0000000000000000     
         196  -3.9999999999999980E-002   0.0000000000000000     
         197  -3.0000000000000027E-002   0.0000000000000000     
         198  -2.0000000000000018E-002   0.0000000000000000     
         199  -1.0000000000000009E-002   0.0000000000000000     
         200   0.0000000000000000        0.0000000000000000     
         201   1.0000000000000009E-002   0.0000000000000000     
         202   2.0000000000000018E-002   0.0000000000000000     
         203   3.0000000000000027E-002   0.0000000000000000     
         204   4.0000000000000036E-002   0.0000000000000000     
         205   5.0000000000000044E-002   0.0000000000000000     
         206   6.0000000000000053E-002   0.0000000000000000     
         207   6.9999999999999951E-002   0.0000000000000000     
         208   7.9999999999999960E-002   0.0000000000000000     
         209   8.9999999999999969E-002   0.0000000000000000     
         210   9.9999999999999978E-002   0.0000000000000000     
         211  0.10999999999999999        0.0000000000000000     
         212  0.12000000000000000        0.0000000000000000     
         213  0.13000000000000000        0.0000000000000000     
         214  0.14000000000000001        0.0000000000000000     
         215  0.15000000000000002        0.0000000000000000     
         216  0.16000000000000003        0.0000000000000000     
         217  0.17000000000000004        0.0000000000000000     
         218  0.18000000000000005        0.0000000000000000     
         219  0.18999999999999995        0.0000000000000000     
         220  0.19999999999999996        0.0000000000000000     
         221  0.20999999999999996        0.0000000000000000     
         222  0.21999999999999997        0.0000000000000000     
         223  0.22999999999999998        0.0000000000000000     
         224  0.23999999999999999        0.0000000000000000     
         225  0.25000000000000000        0.0000000000000000     
         226  0.26000000000000001        0.0000000000000000     
         227  0.27000000000000002        0.0000000000000000     
         228  0.28000000000000003        0.0000000000000000     
         229  0.29000000000000004        0.0000000000000000     
         230  0.30000000000000004        0.0000000000000000     
         231  0.31000000000000005        0.0000000000000000     
         232  0.31999999999999995        0.0000000000000000     
         233  0.32999999999999996        0.0000000000000000     
         234  0.33999999999999997        0.0000000000000000     
         235  0.34999999999999998        0.0000000000000000     
         236  0.35999999999999999        0.0000000000000000     
         237  0.37000000000000000        0.0000000000000000     
         238  0.38000000000000000        0.0000000000000000     
         239  0.39000000000000001        0.0000000000000000     
         240  0.40000000000000002        0.0000000000000000     
         241  0.41000000000000003        0.0000000000000000     
         242  0.42000000000000004        0.0000000000000000     
         243  0.43000000000000005        0.0000000000000000     
         244  0.43999999999999995        0.0000000000000000     
         245  0.44999999999999996        0.0000000000000000     
         246  0.45999999999999996        0.0000000000000000     
         247  0.46999999999999997        0.0000000000000000     
         248  0.47999999999999998        0.0000000000000000     
         249  0.48999999999999999        0.0000000000000000     
         250  0.50000000000000000        0.0000000000000000     
         251  0.50000000000000000        1.0000000000000000E-002
         252  0.50000000000000000        2.0000000000000000E-002
         253  0.50000000000000000        2.9999999999999999E-002
         254  0.50000000000000000        4.0000000000000001E-002
         255  0.50000000000000000        5.0000000000000003E-002
         256  0.50000000000000000        5.9999999999999998E-002
         257  0.50000000000000000        7.0000000000000007E-002
         258  0.50000000000000000        8.0000000000000002E-002
         259  0.50000000000000000        8.9999999999999997E-002
         260  0.50000000000000000       0.10000000000000001     
         261  0.50000000000000000       0.11000000000000000     
         262  0.50000000000000000       0.12000000000000000     
         263  0.50000000000000000       0.13000000000000000     
         264  0.50000000000000000       0.14000000000000001     
         265  0.50000000000000000       0.14999999999999999     
         266  0.50000000000000000       0.16000000000000000     
         267  0.50000000000000000       0.17000000000000001     
         268  0.50000000000000000       0.17999999999999999     
         269  0.50000000000000000       0.19000000000000000     
         270  0.50000000000000000       0.20000000000000001     
         271  0.50000000000000000       0.20999999999999999     
         272  0.50000000000000000       0.22000000000000000     
         273  0.50000000000000000       0.23000000000000001     
         274  0.50000000000000000       0.23999999999999999     
         275  0.50000000000000000       0.25000000000000000     
         276  0.50000000000000000       0.26000000000000001     
         277  0.50000000000000000       0.27000000000000002     
         278  0.50000000000000000       0.28000000000000003     
         279  0.50000000000000000       0.28999999999999998     
         280  0.50000000000000000       0.29999999999999999     
         281  0.50000000000000000       0.31000000000000000     
         282  0.50000000000000000       0.32000000000000001     
         283  0.50000000000000000       0.33000000000000002     
         284  0.50000000000000000       0.34000000000000002     
         285  0.50000000000000000       0.34999999999999998     
         286  0.50000000000000000       0.35999999999999999     
         287  0.50000000000000000       0.37000000000000000     
         288  0.50000000000000000       0.38000000000000000     
         289  0.50000000000000000       0.39000000000000001     
         290  0.50000000000000000       0.40000000000000002     
         291  0.50000000000000000       0.40999999999999998     
         292  0.50000000000000000       0.41999999999999998     
         293  0.50000000000000000       0.42999999999999999     
         294  0.50000000000000000       0.44000000000000000     
         295  0.50000000000000000       0.45000000000000001     
         296  0.50000000000000000       0.46000000000000002     
         297  0.50000000000000000       0.46999999999999997     
         298  0.50000000000000000       0.47999999999999998     
         299  0.50000000000000000       0.48999999999999999     
         300  0.50000000000000000       0.50000000000000000     
         301  0.51000000000000001       0.50000000000000000     
         302  0.52000000000000002       0.50000000000000000     
         303  0.53000000000000003       0.50000000000000000     
         304  0.54000000000000004       0.50000000000000000     
         305  0.55000000000000004       0.50000000000000000     
         306  0.56000000000000005       0.50000000000000000     
         307  0.57000000000000006       0.50000000000000000     
         308  0.57999999999999996       0.50000000000000000     
         309  0.58999999999999997       0.50000000000000000     
         310  0.59999999999999998       0.50000000000000000     
         311  0.60999999999999999       0.50000000000000000     
         312  0.62000000000000000       0.50000000000000000     
         313  0.63000000000000000       0.50000000000000000     
         314  0.64000000000000001       0.50000000000000000     
         315  0.65000000000000002       0.50000000000000000     
         316  0.66000000000000003       0.50000000000000000     
         317  0.67000000000000004       0.50000000000000000     
         318  0.67999999999999994       0.50000000000000000     
         319  0.68999999999999995       0.50000000000000000     
         320  0.69999999999999996       0.50000000000000000     
         321  0.70999999999999996       0.50000000000000000     
         322  0.71999999999999997       0.50000000000000000     
         323  0.72999999999999998       0.50000000000000000     
         324  0.73999999999999999       0.50000000000000000     
         325  0.75000000000000000       0.50000000000000000     
         326  0.75000000000000000       0.48999999999999999     
         327  0.75000000000000000       0.47999999999999998     
         328  0.75000000000000000       0.46999999999999997     
         329  0.75000000000000000       0.46000000000000002     
         330  0.75000000000000000       0.45000000000000001     
         331  0.75000000000000000       0.44000000000000000     
         332  0.75000000000000000       0.42999999999999999     
         333  0.75000000000000000       0.41999999999999998     
         334  0.75000000000000000       0.41000000000000003     
         335  0.75000000000000000       0.40000000000000002     
         336  0.75000000000000000       0.39000000000000001     
         337  0.75000000000000000       0.38000000000000000     
         338  0.75000000000000000       0.37000000000000000     
         339  0.75000000000000000       0.35999999999999999     
         340  0.75000000000000000       0.34999999999999998     
         341  0.75000000000000000       0.33999999999999997     
         342  0.75000000000000000       0.32999999999999996     
         343  0.75000000000000000       0.32000000000000001     
         344  0.75000000000000000       0.31000000000000000     
         345  0.75000000000000000       0.29999999999999999     
         346  0.75000000000000000       0.29000000000000004     
         347  0.75000000000000000       0.28000000000000003     
         348  0.75000000000000000       0.27000000000000002     
         349  0.75000000000000000       0.26000000000000001     
         350  0.75000000000000000       0.25000000000000000     
         351  0.75000000000000000       0.23999999999999999     
         352  0.75000000000000000       0.22999999999999998     
         353  0.75000000000000000       0.21999999999999997     
         354  0.75000000000000000       0.21000000000000002     
         355  0.75000000000000000       0.20000000000000001     
         356  0.75000000000000000       0.19000000000000000     
         357  0.75000000000000000       0.17999999999999999     
         358  0.75000000000000000       0.16999999999999998     
         359  0.75000000000000000       0.15999999999999998     
         360  0.75000000000000000       0.15000000000000002     
         361  0.75000000000000000       0.14000000000000001     
         362  0.75000000000000000       0.13000000000000000     
         363  0.75000000000000000       0.12000000000000000     
         364  0.75000000000000000       0.10999999999999999     
         365  0.75000000000000000        9.9999999999999978E-002
         366  0.75000000000000000        9.0000000000000024E-002
         367  0.75000000000000000        8.0000000000000016E-002
         368  0.75000000000000000        7.0000000000000007E-002
         369  0.75000000000000000        5.9999999999999998E-002
         370  0.75000000000000000        4.9999999999999989E-002
         371  0.75000000000000000        3.9999999999999980E-002
         372  0.75000000000000000        3.0000000000000027E-002
         373  0.75000000000000000        2.0000000000000018E-002
         374  0.75000000000000000        1.0000000000000009E-002
         375  0.75000000000000000        0.0000000000000000     
         376  0.75000000000000000       -1.0000000000000009E-002
         377  0.75000000000000000       -2.0000000000000018E-002
         378  0.75000000000000000       -3.0000000000000027E-002
         379  0.75000000000000000       -4.0000000000000036E-002
         380  0.75000000000000000       -5.0000000000000044E-002
         381  0.75000000000000000       -6.0000000000000053E-002
         382  0.75000000000000000       -6.9999999999999951E-002
         383  0.75000000000000000       -7.9999999999999960E-002
         384  0.75000000000000000       -8.9999999999999969E-002
         385  0.75000000000000000       -9.9999999999999978E-002
         386  0.75000000000000000      -0.10999999999999999     
         387  0.75000000000000000      -0.12000000000000000     
         388  0.75000000000000000      -0.13000000000000000     
         389  0.75000000000000000      -0.14000000000000001     
         390  0.75000000000000000      -0.15000000000000002     
         391  0.75000000000000000      -0.16000000000000003     
         392  0.75000000000000000      -0.17000000000000004     
         393  0.75000000000000000      -0.18000000000000005     
         394  0.75000000000000000      -0.18999999999999995     
         395  0.75000000000000000      -0.19999999999999996     
         396  0.75000000000000000      -0.20999999999999996     
         397  0.75000000000000000      -0.21999999999999997     
         398  0.75000000000000000      -0.22999999999999998     
         399  0.75000000000000000      -0.23999999999999999     
         400  0.75000000000000000      -0.25000000000000000     
         401  0.75000000000000000      -0.26000000000000001     
         402  0.75000000000000000      -0.27000000000000002     
         403  0.75000000000000000      -0.28000000000000003     
         404  0.75000000000000000      -0.29000000000000004     
         405  0.75000000000000000      -0.30000000000000004     
         406  0.75000000000000000      -0.31000000000000005     
         407  0.75000000000000000      -0.31999999999999995     
         408  0.75000000000000000      -0.32999999999999996     
         409  0.75000000000000000      -0.33999999999999997     
         410  0.75000000000000000      -0.34999999999999998     
         411  0.75000000000000000      -0.35999999999999999     
         412  0.75000000000000000      -0.37000000000000000     
         413  0.75000000000000000      -0.38000000000000000     
         414  0.75000000000000000      -0.39000000000000001     
         415  0.75000000000000000      -0.40000000000000002     
         416  0.75000000000000000      -0.41000000000000003     
         417  0.75000000000000000      -0.42000000000000004     
         418  0.75000000000000000      -0.43000000000000005     
         419  0.75000000000000000      -0.43999999999999995     
         420  0.75000000000000000      -0.44999999999999996     
         421  0.75000000000000000      -0.45999999999999996     
         422  0.75000000000000000      -0.46999999999999997     
         423  0.75000000000000000      -0.47999999999999998     
         424  0.75000000000000000      -0.48999999999999999     
         425  0.75000000000000000      -0.50000000000000000     
         426  0.73999999999999999      -0.50000000000000000     
         427  0.72999999999999998      -0.50000000000000000     
         428  0.71999999999999997      -0.50000000000000000     
         429  0.70999999999999996      -0.50000000000000000     
         430  0.69999999999999996      -0.50000000000000000     
         431  0.68999999999999995      -0.50000000000000000     
         432  0.67999999999999994      -0.50000000000000000     
         433  0.67000000000000004      -0.50000000000000000     
         434  0.66000000000000003      -0.50000000000000000     
         435  0.65000000000000002      -0.50000000000000000     
         436  0.64000000000000001      -0.50000000000000000     
         437  0.63000000000000000      -0.50000000000000000     
         438  0.62000000000000000      -0.50000000000000000     
         439  0.60999999999999999      -0.50000000000000000     
         440  0.59999999999999998      -0.50000000000000000     
         441  0.58999999999999997      -0.50000000000000000     
         442  0.58000000000000007      -0.50000000000000000     
         443  0.57000000000000006      -0.50000000000000000     
         444  0.56000000000000005      -0.50000000000000000     
         445  0.55000000000000004      -0.50000000000000000     
         446  0.54000000000000004      -0.50000000000000000     
         447  0.53000000000000003      -0.50000000000000000     
         448  0.52000000000000002      -0.50000000000000000     
         449  0.51000000000000001      -0.50000000000000000     
         450  0.50000000000000000      -0.50000000000000000     
         451  0.48999999999999999      -0.50000000000000000     
         452  0.47999999999999998      -0.50000000000000000     
         453  0.46999999999999997      -0.50000000000000000     
         454  0.46000000000000002      -0.50000000000000000     
         455  0.44999999999999996      -0.50000000000000000     
         456  0.44000000000000000      -0.50000000000000000     
         457  0.42999999999999999      -0.50000000000000000     
         458  0.41999999999999998      -0.50000000000000000     
         459  0.41000000000000003      -0.50000000000000000     
         460  0.40000000000000002      -0.50000000000000000     
         461  0.39000000000000001      -0.50000000000000000     
         462  0.38000000000000000      -0.50000000000000000     
         463  0.37000000000000000      -0.50000000000000000     
         464  0.35999999999999999      -0.50000000000000000     
         465  0.34999999999999998      -0.50000000000000000     
         466  0.34000000000000002      -0.50000000000000000     
         467  0.32999999999999996      -0.50000000000000000     
         468  0.31999999999999995      -0.50000000000000000     
         469  0.31000000000000000      -0.50000000000000000     
         470  0.30000000000000004      -0.50000000000000000     
         471  0.29000000000000004      -0.50000000000000000     
         472  0.27999999999999997      -0.50000000000000000     
         473  0.27000000000000002      -0.50000000000000000     
         474  0.26000000000000001      -0.50000000000000000     
         475  0.25000000000000000      -0.50000000000000000     
         476  0.23999999999999999      -0.50000000000000000     
         477  0.22999999999999998      -0.50000000000000000     
         478  0.21999999999999997      -0.50000000000000000     
         479  0.20999999999999996      -0.50000000000000000     
         480  0.20000000000000007      -0.50000000000000000     
         481  0.18999999999999995      -0.50000000000000000     
         482  0.17999999999999994      -0.50000000000000000     
         483  0.17000000000000004      -0.50000000000000000     
         484  0.16000000000000003      -0.50000000000000000     
         485  0.14999999999999991      -0.50000000000000000     
         486  0.14000000000000001      -0.50000000000000000     
         487  0.13000000000000000      -0.50000000000000000     
         488  0.12000000000000000      -0.50000000000000000     
         489  0.10999999999999999      -0.50000000000000000     
         490   9.9999999999999978E-002 -0.50000000000000000     
         491   8.9999999999999969E-002 -0.50000000000000000     
         492   8.0000000000000071E-002 -0.50000000000000000     
         493   7.0000000000000062E-002 -0.50000000000000000     
         494   5.9999999999999942E-002 -0.50000000000000000     
         495   5.0000000000000044E-002 -0.50000000000000000     
         496   4.0000000000000036E-002 -0.50000000000000000     
         497   3.0000000000000027E-002 -0.50000000000000000     
         498   2.0000000000000018E-002 -0.50000000000000000     
         499   1.0000000000000009E-002 -0.50000000000000000     
         500   0.0000000000000000      -0.50000000000000000     
         501  -1.0000000000000009E-002 -0.50000000000000000     
         502  -2.0000000000000018E-002 -0.50000000000000000     
         503  -3.0000000000000027E-002 -0.50000000000000000     
         504  -3.9999999999999925E-002 -0.50000000000000000     
         505  -5.0000000000000044E-002 -0.50000000000000000     
         506  -6.0000000000000053E-002 -0.50000000000000000     
         507  -6.9999999999999951E-002 -0.50000000000000000     
         508  -8.0000000000000071E-002 -0.50000000000000000     
         509  -9.0000000000000080E-002 -0.50000000000000000     
         510  -9.9999999999999978E-002 -0.50000000000000000     
         511 -0.11000000000000010      -0.50000000000000000     
         512 -0.11999999999999988      -0.50000000000000000     
         513 -0.13000000000000000      -0.50000000000000000     
         514 -0.14000000000000012      -0.50000000000000000     
         515 -0.14999999999999991      -0.50000000000000000     
         516 -0.16000000000000003      -0.50000000000000000     
         517 -0.16999999999999993      -0.50000000000000000     
         518 -0.17999999999999994      -0.50000000000000000     
         519 -0.19000000000000006      -0.50000000000000000     
         520 -0.19999999999999996      -0.50000000000000000     
         521 -0.20999999999999996      -0.50000000000000000     
         522 -0.21999999999999997      -0.50000000000000000     
         523 -0.22999999999999998      -0.50000000000000000     
         524 -0.23999999999999999      -0.50000000000000000     
         525 -0.25000000000000000      -0.50000000000000000     
         526 -0.26000000000000001      -0.50000000000000000     
         527 -0.27000000000000002      -0.50000000000000000     
         528 -0.28000000000000003      -0.50000000000000000     
         529 -0.29000000000000004      -0.50000000000000000     
         530 -0.29999999999999982      -0.50000000000000000     
         531 -0.31000000000000005      -0.50000000000000000     
         532 -0.32000000000000006      -0.50000000000000000     
         533 -0.33000000000000007      -0.50000000000000000     
         534 -0.34000000000000008      -0.50000000000000000     
         535 -0.34999999999999987      -0.50000000000000000     
         536 -0.35999999999999988      -0.50000000000000000     
         537 -0.37000000000000011      -0.50000000000000000     
         538 -0.37999999999999989      -0.50000000000000000     
         539 -0.39000000000000012      -0.50000000000000000     
         540 -0.40000000000000013      -0.50000000000000000     
         541 -0.40999999999999992      -0.50000000000000000     
         542 -0.41999999999999993      -0.50000000000000000     
         543 -0.42999999999999994      -0.50000000000000000     
         544 -0.43999999999999995      -0.50000000000000000     
         545 -0.45000000000000018      -0.50000000000000000     
         546 -0.45999999999999996      -0.50000000000000000     
         547 -0.46999999999999997      -0.50000000000000000     
         548 -0.47999999999999998      -0.50000000000000000     
         549 -0.48999999999999999      -0.50000000000000000     
         550 -0.50000000000000000      -0.50000000000000000     
         551 -0.51000000000000001      -0.50000000000000000     
         552 -0.52000000000000002      -0.50000000000000000     
         553 -0.53000000000000003      -0.50000000000000000     
         554 -0.54000000000000004      -0.50000000000000000     
         555 -0.55000000000000004      -0.50000000000000000     
         556 -0.56000000000000005      -0.50000000000000000     
         557 -0.57000000000000006      -0.50000000000000000     
         558 -0.58000000000000007      -0.50000000000000000     
         559 -0.58999999999999986      -0.50000000000000000     
         560 -0.60000000000000009      -0.50000000000000000     
         561 -0.60999999999999988      -0.50000000000000000     
         562 -0.62000000000000011      -0.50000000000000000     
         563 -0.63000000000000012      -0.50000000000000000     
         564 -0.63999999999999990      -0.50000000000000000     
         565 -0.64999999999999991      -0.50000000000000000     
         566 -0.65999999999999992      -0.50000000000000000     
         567 -0.66999999999999993      -0.50000000000000000     
         568 -0.68000000000000016      -0.50000000000000000     
         569 -0.68999999999999995      -0.50000000000000000     
         570 -0.69999999999999996      -0.50000000000000000     
         571 -0.70999999999999996      -0.50000000000000000     
         572 -0.71999999999999997      -0.50000000000000000     
         573 -0.72999999999999998      -0.50000000000000000     
         574 -0.73999999999999999      -0.50000000000000000     
         575 -0.75000000000000000      -0.50000000000000000     
         576 -0.75000000000000000      -0.48999999999999999     
         577 -0.75000000000000000      -0.47999999999999998     
         578 -0.75000000000000000      -0.46999999999999997     
         579 -0.75000000000000000      -0.46000000000000002     
         580 -0.75000000000000000      -0.45000000000000001     
         581 -0.75000000000000000      -0.44000000000000000     
         582 -0.75000000000000000      -0.42999999999999999     
         583 -0.75000000000000000      -0.41999999999999998     
         584 -0.75000000000000000      -0.41000000000000003     
         585 -0.75000000000000000      -0.40000000000000002     
         586 -0.75000000000000000      -0.39000000000000001     
         587 -0.75000000000000000      -0.38000000000000000     
         588 -0.75000000000000000      -0.37000000000000000     
         589 -0.75000000000000000      -0.35999999999999999     
         590 -0.75000000000000000      -0.34999999999999998     
         591 -0.75000000000000000      -0.33999999999999997     
         592 -0.75000000000000000      -0.32999999999999996     
         593 -0.75000000000000000      -0.32000000000000001     
         594 -0.75000000000000000      -0.31000000000000000     
         595 -0.75000000000000000      -0.29999999999999999     
         596 -0.75000000000000000      -0.29000000000000004     
         597 -0.75000000000000000      -0.28000000000000003     
         598 -0.75000000000000000      -0.27000000000000002     
         599 -0.75000000000000000      -0.26000000000000001     
         600 -0.75000000000000000      -0.25000000000000000     
         601 -0.75000000000000000      -0.23999999999999999     
         602 -0.75000000000000000      -0.22999999999999998     
         603 -0.75000000000000000      -0.21999999999999997     
         604 -0.75000000000000000      -0.21000000000000002     
         605 -0.75000000000000000      -0.20000000000000001     
         606 -0.75000000000000000      -0.19000000000000000     
         607 -0.75000000000000000      -0.17999999999999999     
         608 -0.75000000000000000      -0.16999999999999998     
         609 -0.75000000000000000      -0.15999999999999998     
         610 -0.75000000000000000      -0.15000000000000002     
         611 -0.75000000000000000      -0.14000000000000001     
         612 -0.75000000000000000      -0.13000000000000000     
         613 -0.75000000000000000      -0.12000000000000000     
         614 -0.75000000000000000      -0.10999999999999999     
         615 -0.75000000000000000       -9.9999999999999978E-002
         616 -0.75000000000000000       -9.0000000000000024E-002
         617 -0.75000000000000000       -8.0000000000000016E-002
         618 -0.75000000000000000       -7.0000000000000007E-002
         619 -0.75000000000000000       -5.9999999999999998E-002
         620 -0.75000000000000000       -4.9999999999999989E-002
         621 -0.75000000000000000       -3.9999999999999980E-002
         622 -0.75000000000000000       -3.0000000000000027E-002
         623 -0.75000000000000000       -2.0000000000000018E-002
         624 -0.75000000000000000       -1.0000000000000009E-002
         625 -0.75000000000000000        0.0000000000000000     
         626 -0.75000000000000000        1.0000000000000009E-002
         627 -0.75000000000000000        2.0000000000000018E-002
         628 -0.75000000000000000        3.0000000000000027E-002
         629 -0.75000000000000000        4.0000000000000036E-002
         630 -0.75000000000000000        5.0000000000000044E-002
         631 -0.75000000000000000        6.0000000000000053E-002
         632 -0.75000000000000000        6.9999999999999951E-002
         633 -0.75000000000000000        7.9999999999999960E-002
         634 -0.75000000000000000        8.9999999999999969E-002
         635 -0.75000000000000000        9.9999999999999978E-002
         636 -0.75000000000000000       0.10999999999999999     
         637 -0.75000000000000000       0.12000000000000000     
         638 -0.75000000000000000       0.13000000000000000     
         639 -0.75000000000000000       0.14000000000000001     
         640 -0.75000000000000000       0.15000000000000002     
         641 -0.75000000000000000       0.16000000000000003     
         642 -0.75000000000000000       0.17000000000000004     
         643 -0.75000000000000000       0.18000000000000005     
         644 -0.75000000000000000       0.18999999999999995     
         645 -0.75000000000000000       0.19999999999999996     
         646 -0.75000000000000000       0.20999999999999996     
         647 -0.75000000000000000       0.21999999999999997     
         648 -0.75000000000000000       0.22999999999999998     
         649 -0.75000000000000000       0.23999999999999999     
         650 -0.75000000000000000       0.25000000000000000     
         651 -0.75000000000000000       0.26000000000000001     
         652 -0.75000000000000000       0.27000000000000002     
         653 -0.75000000000000000       0.28000000000000003     
         654 -0.75000000000000000       0.29000000000000004     
         655 -0.75000000000000000       0.30000000000000004     
         656 -0.75000000000000000       0.31000000000000005     
         657 -0.75000000000000000       0.31999999999999995     
         658 -0.75000000000000000       0.32999999999999996     
         659 -0.75000000000000000       0.33999999999999997     
         660 -0.75000000000000000       0.34999999999999998     
         661 -0.75000000000000000       0.35999999999999999     
         662 -0.75000000000000000       0.37000000000000000     
         663 -0.75000000000000000       0.38000000000000000     
         664 -0.75000000000000000       0.39000000000000001     
         665 -0.75000000000000000       0.40000000000000002     
         666 -0.75000000000000000       0.41000000000000003     
         667 -0.75000000000000000       0.42000000000000004     
         668 -0.75000000000000000       0.43000000000000005     
         669 -0.75000000000000000       0.43999999999999995     
         670 -0.75000000000000000       0.44999999999999996     
         671 -0.75000000000000000       0.45999999999999996     
         672 -0.75000000000000000       0.46999999999999997     
         673 -0.75000000000000000       0.47999999999999998     
         674 -0.75000000000000000       0.48999999999999999     
         675 -0.75000000000000000       0.50000000000000000     
         676 -0.73999999999999999       0.50000000000000000     
         677 -0.72999999999999998       0.50000000000000000     
         678 -0.71999999999999997       0.50000000000000000     
         679 -0.70999999999999996       0.50000000000000000     
         680 -0.69999999999999996       0.50000000000000000     
         681 -0.68999999999999995       0.50000000000000000     
         682 -0.67999999999999994       0.50000000000000000     
         683 -0.67000000000000004       0.50000000000000000     
         684 -0.66000000000000003       0.50000000000000000     
         685 -0.65000000000000002       0.50000000000000000     
         686 -0.64000000000000001       0.50000000000000000     
         687 -0.63000000000000000       0.50000000000000000     
         688 -0.62000000000000000       0.50000000000000000     
         689 -0.60999999999999999       0.50000000000000000     
         690 -0.59999999999999998       0.50000000000000000     
         691 -0.58999999999999997       0.50000000000000000     
         692 -0.57999999999999996       0.50000000000000000     
         693 -0.57000000000000006       0.50000000000000000     
         694 -0.56000000000000005       0.50000000000000000     
         695 -0.55000000000000004       0.50000000000000000     
         696 -0.54000000000000004       0.50000000000000000     
         697 -0.53000000000000003       0.50000000000000000     
         698 -0.52000000000000002       0.50000000000000000     
         699 -0.51000000000000001       0.50000000000000000     
         700 -0.50000000000000000       0.50000000000000000     
         700
           1           2           1           1           3
           2           3           2           1           3
           3           4           3           1           3
           4           5           4           1           3
           5           6           5           1           3
           6           7           6           1           3
           7           8           7           1           3
           8           9           8           1           3
           9          10           9           1           3
          10          11          10           1           3
          11          12          11           1           3
          12          13          12           1           3
          13          14          13           1           3
          14          15          14           1           3
          15          16          15           1           3
          16          17          16           1           3
          17          18          17           1           3
          18          19          18           1           3
          19          20          19           1           3
          20          21          20           1           3
          21          22          21           1           3
          22          23          22           1           3
          23          24          23           1           3
          24          25          24           1           3
          25          26          25           1           3
          26          27          26           1           3
          27          28          27           1           3
          28          29          28           1           3
          29          30          29           1           3
          30          31          30           1           3
          31          32          31           1           3
          32          33          32           1           3
          33          34          33           1           3
          34          35          34           1           3
          35          36          35           1           3
          36          37          36           1           3
          37          38          37           1           3
          38          39          38           1           3
          39          40          39           1           3
          40          41          40           1           3
          41          42          41           1           3
          42          43          42           1           3
          43          44          43           1           3
          44          45          44           1           3
          45          46          45           1           3
          46          47          46           1           3
          47          48          47           1           3
          48          49          48           1           3
          49          50          49           1           3
          50          51          50           1           3
          51          52          51           1           3
          52          53          52           1           3
          53          54          53           1           3
          54          55          54           1           3
          55          56          55           1           3
          56          57          56           1           3
          57          58          57           1           3
          58          59          58           1           3
          59          60          59           1           3
          60          61          60           1           3
          61          62          61           1           3
          62          63          62           1           3
          63          64          63           1           3
          64          65          64           1           3
          65          66          65           1           3
          66          67          66           1           3
          67          68          67           1           3
          68          69          68           1           3
          69          70          69           1           3
          70          71          70           1           3
          71          72          71           1           3
          72          73          72           1           3
          73          74          73           1           3
          74          75          74           1           3
          75          76          75           1           3
          76          77          76           1           3
          77          78          77           1           3
          78          79          78           1           3
          79          80          79           1           3
          80          81          80           1           3
          81          82          81           1           3
          82          83          82           1           3
          83          84          83           1           3
          84          85          84           1           3
          85          86          85           1           3
          86          87          86           1           3
          87          88          87           1           3
          88          89          88           1           3
          89          90          89           1           3
          90          91          90           1           3
          91          92          91           1           3
          92          93          92           1           3
          93          94          93           1           3
          94          95          94           1           3
          95          96          95           1           3
          96          97          96           1           3
          97          98          97           1           3
          98          99          98           1           3
          99         100          99           1           3
         100         101         100           2           3
         101         102         101           2           3
         102         103         102           2           3
         103         104         103           2           3
         104         105         104           2           3
         105         106         105           2           3
         106         107         106           2           3
         107         108         107           2           3
         108         109         108           2           3
         109         110         109           2           3
         110         111         110           2           3
         111         112         111           2           3
         112         113         112           2           3
         113         114         113           2           3
         114         115         114           2           3
         115         116         115           2           3
         116         117         116           2           3
         117         118         117           2           3
         118         119         118           2           3
         119         120         119           2           3
         120         121         120           2           3
         121         122         121           2           3
         122         123         122           2           3
         123         124         123           2           3
         124         125         124           2           3
         125         126         125           2           3
         126         127         126           2           3
         127         128         127           2           3
         128         129         128           2           3
         129         130         129           2           3
         130         131         130           2           3
         131         132         131           2           3
         132         133         132           2           3
         133         134         133           2           3
         134         135         134           2           3
         135         136         135           2           3
         136         137         136           2           3
         137         138         137           2           3
         138         139         138           2           3
         139         140         139           2           3
         140         141         140           2           3
         141         142         141           2           3
         142         143         142           2           3
         143         144         143           2           3
         144         145         144           2           3
         145         146         145           2           3
         146         147         146           2           3
         147         148         147           2           3
         148         149         148           2           3
         149         150         149           2           3
         150         151         150           2           3
         151         152         151           2           3
         152         153         152           2           3
         153         154         153           2           3
         154         155         154           2           3
         155         156         155           2           3
         156         157         156           2           3
         157         158         157           2           3
         158         159         158           2           3
         159         160         159           2           3
         160         161         160           2           3
         161         162         161           2           3
         162         163         162           2           3
         163         164         163           2           3
         164         165         164           2           3
         165         166         165           2           3
         166         167         166           2           3
         167         168         167           2           3
         168         169         168           2           3
         169         170         169           2           3
         170         171         170           2           3
         171         172         171           2           3
         172         173         172           2           3
         173         174         173           2           3
         174         175         174           2           3
         175         176         175           2           3
         176         177         176           2           3
         177         178         177           2           3
         178         179         178           2           3
         179         180         179           2           3
         180         181         180           2           3
         181         182         181           2           3
         182         183         182           2           3
         183         184         183           2           3
         184         185         184           2           3
         185         186         185           2           3
         186         187         186           2           3
         187         188         187           2           3
         188         189         188           2           3
         189         190         189           2           3
         190         191         190           2           3
         191         192         191           2           3
         192         193         192           2           3
         193         194         193           2           3
         194         195         194           2           3
         195         196         195           2           3
         196         197         196           2           3
         197         198         197           2           3
         198         199         198           2           3
         199         200         199           2           3
         200         201         200           2           3
         201         202         201           2           3
         202         203         202           2           3
         203         204         203           2           3
         204         205         204           2           3
         205         206         205           2           3
         206         207         206           2           3
         207         208         207           2           3
         208         209         208           2           3
         209         210         209           2           3
         210         211         210           2           3
         211         212         211           2           3
         212         213         212           2           3
         213         214         213           2           3
         214         215         214           2           3
         215         216         215           2           3
         216         217         216           2           3
         217         218         217           2           3
         218         219         218           2           3
         219         220         219           2           3
         220         221         220           2           3
         221         222         221           2           3
         222         223         222           2           3
         223         224         223           2           3
         224         225         224           2           3
         225         226         225           2           3
         226         227         226           2           3
         227         228         227           2           3
         228         229         228           2           3
         229         230         229           2           3
         230         231         230           2           3
         231         232         231           2           3
         232         233         232           2           3
         233         234         233           2           3
         234         235         234           2           3
         235         236         235           2           3
         236         237         236           2           3
         237         238         237           2           3
         238         239         238           2           3
         239         240         239           2           3
         240         241         240           2           3
         241         242         241           2           3
         242         243         242           2           3
         243         244         243           2           3
         244         245         244           2           3
         245         246         245           2           3
         246         247         246           2           3
         247         248         247           2           3
         248         249         248           2           3
         249         250         249           2           3
         250         251         250           2           3
         251         252         251           2           3
         252         253         252           2           3
         253         254         253           2           3
         254         255         254           2           3
         255         256         255           2           3
         256         257         256           2           3
         257         258         257           2           3
         258         259         258           2           3
         259         260         259           2           3
         260         261         260           2           3
         261         262         261           2           3
         262         263         262           2           3
         263         264         263           2           3
         264         265         264           2           3
         265         266         265           2           3
         266         267         266           2           3
         267         268         267           2           3
         268         269         268           2           3
         269         270         269           2           3
         270         271         270           2           3
         271         272         271           2           3
         272         273         272           2           3
         273         274         273           2           3
         274         275         274           2           3
         275         276         275           2           3
         276         277         276           2           3
         277         278         277           2           3
         278         279         278           2           3
         279         280         279           2           3
         280         281         280           2           3
         281         282         281           2           3
         282         283         282           2           3
         283         284         283           2           3
         284         285         284           2           3
         285         286         285           2           3
         286         287         286           2           3
         287         288         287           2           3
         288         289         288           2           3
         289         290         289           2           3
         290         291         290           2           3
         291         292         291           2           3
         292         293         292           2           3
         293         294         293           2           3
         294         295         294           2           3
         295         296         295           2           3
         296         297         296           2           3
         297         298         297           2           3
         298         299         298           2           3
         299         300         299           2           3
         300           1         300           2           3
         301         301         302           1           2
         302         302         303           1           2
         303         303         304           1           2
         304         304         305           1           2
         305         305         306           1           2
         306         306         307           1           2
         307         307         308           1           2
         308         308         309           1           2
         309         309         310           1           2
         310         310         311           1           2
         311         311         312           1           2
         312         312         313           1           2
         313         313         314           1           2
         314         314         315           1           2
         315         315         316           1           2
         316         316         317           1           2
         317         317         318           1           2
         318         318         319           1           2
         319         319         320           1           2
         320         320         321           1           2
         321         321         322           1           2
         322         322         323           1           2
         323         323         324           1           2
         324         324         325           1           2
         325         325         326           1           2
         326         326         327           1           2
         327         327         328           1           2
         328         328         329           1           2
         329         329         330           1           2
         330         330         331           1           2
         331         331         332           1           2
         332         332         333           1           2
         333         333         334           1           2
         334         334         335           1           2
         335         335         336           1           2
         336         336         337           1           2
         337         337         338           1           2
         338         338         339           1           2
         339         339         340           1           2
         340         340         341           1           2
         341         341         342           1           2
         342         342         343           1           2
         343         343         344           1           2
         344         344         345           1           2
         345         345         346           1           2
         346         346         347           1           2
         347         347         348           1           2
         348         348         349           1           2
         349         349         350           1           2
         350         350         351           1           2
         351         351         352           1           2
         352         352         353           1           2
         353         353         354           1           2
         354         354         355           1           2
         355         355         356           1           2
         356         356         357           1           2
         357         357         358           1           2
         358         358         359           1           2
         359         359         360           1           2
         360         360         361           1           2
         361         361         362           1           2
         362         362         363           1           2
         363         363         364           1           2
         364         364         365           1           2
         365         365         366           1           2
         366         366         367           1           2
         367         367         368           1           2
         368         368         369           1           2
         369         369         370           1           2
         370         370         371           1           2
         371         371         372           1           2
         372         372         373           1           2
         373         373         374           1           2
         374         374         375           1           2
         375         375         376           1           2
         376         376         377           1           2
         377         377         378           1           2
         378         378         379           1           2
         379         379         380           1           2
         380         380         381           1           2
         381         381         382           1           2
         382         382         383           1           2
         383         383         384           1           2
         384         384         385           1           2
         385         385         386           1           2
         386         386         387           1           2
         387         387         388           1           2
         388         388         389           1           2
         389         389         390           1           2
         390         390         391           1           2
         391         391         392           1           2
         392         392         393           1           2
         393         393         394           1           2
         394         394         395           1           2
         395         395         396           1           2
         396         396         397           1           2
         397         397         398           1           2
         398         398         399           1           2
         399         399         400           1           2
         400         400         401           1           2
         401         401         402           1           2
         402         402         403           1           2
         403         403         404           1           2
         404         404         405           1           2
         405         405         406           1           2
         406         406         407           1           2
         407         407         408           1           2
         408         408         409           1           2
         409         409         410           1           2
         410         410         411           1           2
         411         411         412           1           2
         412         412         413           1           2
         413         413         414           1           2
         414         414         415           1           2
         415         415         416           1           2
         416         416         417           1           2
         417         417         418           1           2
         418         418         419           1           2
         419         419         420           1           2
         420         420         421           1           2
         421         421         422           1           2
         422         422         423           1           2
         423         423         424           1           2
         424         424         425           1           2
         425         425         426           1           2
         426         426         427           1           2
         427         427         428           1           2
         428         428         429           1           2
         429         429         430           1           2
         430         430         431           1           2
         431         431         432           1           2
         432         432         433           1           2
         433         433         434           1           2
         434         434         435           1           2
         435         435         436           1           2
         436         436         437           1           2
         437         437         438           1           2
         438         438         439           1           2
         439         439         440           1           2
         440         440         441           1           2
         441         441         442           1           2
         442         442         443           1           2
         443         443         444           1           2
         444         444         445           1           2
         445         445         446           1           2
         446         446         447           1           2
         447         447         448           1           2
         448         448         449           1           2
         449         449         450           1           2
         450         450         451           1           2
         451         451         452           1           2
         452         452         453           1           2
         453         453         454           1           2
         454         454         455           1           2
         455         455         456           1           2
         456         456         457           1           2
         457         457         458           1           2
         458         458         459           1           2
         459         459         460           1           2
         460         460         461           1           2
         461         461         462           1           2
         462         462         463           1           2
         463         463         464           1           2
         464         464         465           1           2
         465         465         466           1           2
         466         466         467           1           2
         467         467         468           1           2
         468         468         469           1           2
         469         469         470           1           2
         470         470         471           1           2
         471         471         472           1           2
         472         472         473           1           2
         473         473         474           1           2
         474         474         475           1           2
         475         475         476           1           2
         476         476         477           1           2
         477         477         478           1           2
         478         478         479           1           2
         479         479         480           1           2
         480         480         481           1           2
         481         481         482           1           2
         482         482         483           1           2
         483         483         484           1           2
         484         484         485           1           2
         485         485         486           1           2
         486         486         487           1           2
         487         487         488           1           2
         488         488         489           1           2
         489         489         490           1           2
         490         490         491           1           2
         491         491         492           1           2
         492         492         493           1           2
         493         493         494           1           2
         494         494         495           1           2
         495         495         496           1           2
         496         496         497           1           2
         497         497         498           1           2
         498         498         499           1           2
         499         499         500           1           2
         500         500         501           1           2
         501         501         502           1           2
         502         502         503           1           2
         503         503         504           1           2
         504         504         505           1           2
         505         505         506           1           2
         506         506         507           1           2
         507         507         508           1           2
         508         508         509           1           2
         509         509         510           1           2
         510         510         511           1           2
         511         511         512           1           2
         512         512         513           1           2
         513         513         514           1           2
         514         514         515           1           2
         515         515         516           1           2
         516         516         517           1           2
         517         517         518           1           2
         518         518         519           1           2
         519         519         520           1           2
         520         520         521           1           2
         521         521         522           1           2
         522         522         523           1           2
         523         523         524           1           2
         524         524         525           1           2
         525         525         526           1           2
         526         526         527           1           2
         527         527         528           1           2
         528         528         529           1           2
         529         529         530           1           2
         530         530         531           1           2
         531         531         532           1           2
         532         532         533           1           2
         533         533         534           1           2
         534         534         535           1           2
         535         535         536           1           2
         536         536         537           1           2
         537         537         538           1           2
         538         538         539           1           2
         539         539         540           1           2
         540         540         541           1           2
         541         541         542           1           2
         542         542         543           1           2
         543         543         544           1           2
         544         544         545           1           2
         545         545         546           1           2
         546         546         547           1           2
         547         547         548           1           2
         548         548         549           1           2
         549         549         550           1           2
         550         550         551           1           2
         551         551         552           1           2
         552         552         553           1           2
         553         553         554           1           2
         554         554         555           1           2
         555         555         556           1           2
         556         556         557           1           2
         557         557         558           1           2
         558         558         559           1           2
         559         559         560           1           2
         560         560         561           1           2
         561         561         562           1           2
         562         562         563           1           2
         563         563         564           1           2
         564         564         565           1           2
         565         565         566           1           2
         566         566         567           1           2
         567         567         568           1           2
         568         568         569           1           2
         569         569         570           1           2
         570         570         571           1           2
         571         571         572           1           2
         572         572         573           1           2
         573         573         574           1           2
         574         574         575           1           2
         575         575         576           1           2
         576         576         577           1           2
         577         577         578           1           2
         578         578         579           1           2
         579         579         580           1           2
         580         580         581           1           2
         581         581         582           1           2
         582         582         583           1           2
         583         583         584           1           2
         584         584         585           1           2
         585         585         586           1           2
         586         586         587           1           2
         587         587         588           1           2
         588         588         589           1           2
         589         589         590           1           2
         590         590         591           1           2
         591         591         592           1           2
         592         592         593           1           2
         593         593         594           1           2
         594         594         595           1           2
         595         595         596           1           2
         596         596         597           1           2
         597         597         598           1           2
         598         598         599           1           2
         599         599         600           1           2
         600         600         601           1           2
         601         601         602           1           2
         602         602         603           1           2
         603         603         604           1           2
         604         604         605           1           2
         605         605         606           1           2
         606         606         607           1           2
         607         607         608           1           2
         608         608         609           1           2
         609         609         610           1           2
         610         610         611           1           2
         611         611         612           1           2
         612         612         613           1           2
         613         613         614           1           2
         614         614         615           1           2
         615         615         616           1           2
         616         616         617           1           2
         617         617         618           1           2
         618         618         619           1           2
         619         619         620           1           2
         620         620         621           1           2
         621         621         622           1           2
         622         622         623           1           2
         623         623         624           1           2
         624         624         625           1           2
         625         625         626           1           2
         626         626         627           1           2
         627         627         628           1           2
         628         628         629           1           2
         629         629         630           1           2
         630         630         631           1           2
         631         631         632           1           2
         632         632         633           1           2
         633         633         634           1           2
         634         634         635           1           2
         635         635         636           1           2
         636         636         637           1           2
         637         637         638           1           2
         638         638         639           1           2
         639         639         640           1           2
         640         640         641           1           2
         641         641         642           1           2
         642         642         643           1           2
         643         643         644           1           2
         644         644         645           1           2
         645         645         646           1           2
         646         646         647           1           2
         647         647         648           1           2
         648         648         649           1           2
         649         649         650           1           2
         650         650         651           1           2
         651         651         652           1           2
         652         652         653           1           2
         653         653         654           1           2
         654         654         655           1           2
         655         655         656           1           2
         656         656         657           1           2
         657         657         658           1           2
         658         658         659           1           2
         659         659         660           1           2
         660         660         661           1           2
         661         661         662           1           2
         662         662         663           1           2
         663         663         664           1           2
         664         664         665           1           2
         665         665         666           1           2
         666         666         667           1           2
         667         667         668           1           2
         668         668         669           1           2
         669         669         670           1           2
         670         670         671           1           2
         671         671         672           1           2
         672         672         673           1           2
         673         673         674           1           2
         674         674         675           1           2
         675         675         676           1           2
         676         676         677           1           2
         677         677         678           1           2
         678         678         679           1           2
         679         679         680           1           2
         680         680         681           1           2
         681         681         682           1           2
         682         682         683           1           2
         683         683         684           1           2
         684         684         685           1           2
         685         685         686           1           2
         686         686         687           1           2
         687         687         688           1           2
         688         688         689           1           2
         689         689         690           1           2
         690         690         691           1           2
         691         691         692           1           2
         692         692         693           1           2
         693         693         694           1           2
         694         694         695           1           2
         695         695         696           1           2
         696         696         697           1           2
         697         697         698           1           2
         698         698         699           1           2
         699         699         700           1           2
         700         300         301           1           2
