 -0.29700000000000004        1.9800000000000040E-002
 -0.31680000000000008        3.9599999999999858E-002
 -0.29700000000000004        3.9599999999999858E-002
 -0.33660000000000001        5.9399999999999897E-002
 -0.31680000000000008        5.9399999999999897E-002
 -0.35640000000000005        7.9199999999999937E-002
 -0.33660000000000001        7.9199999999999937E-002
 -0.31680000000000008        7.9199999999999937E-002
 -0.35640000000000005        9.8999999999999977E-002
 -0.33660000000000001        9.8999999999999977E-002
 -0.37619999999999998       0.11880000000000002     
 -0.35640000000000005       0.11880000000000002     
 -0.33660000000000001       0.11880000000000002     
 -0.39600000000000002       0.13860000000000006     
 -0.37619999999999998       0.13860000000000006     
 -0.35640000000000005       0.13860000000000006     
 -0.33660000000000001       0.13860000000000006     
 -0.41579999999999995       0.15840000000000010     
 -0.39600000000000002       0.15840000000000010     
 -0.37619999999999998       0.15840000000000010     
 -0.35640000000000005       0.15840000000000010     
 -0.43559999999999999       0.17819999999999991     
 -0.41579999999999995       0.17819999999999991     
 -0.39600000000000002       0.17819999999999991     
 -0.37619999999999998       0.17819999999999991     
 -0.35640000000000005       0.17819999999999991     
 -0.43559999999999999       0.19799999999999995     
 -0.41579999999999995       0.19799999999999995     
 -0.39600000000000002       0.19799999999999995     
 -0.37619999999999998       0.19799999999999995     
 -0.35640000000000005       0.19799999999999995     
 -0.45540000000000003       0.21779999999999999     
 -0.43559999999999999       0.21779999999999999     
 -0.41579999999999995       0.21779999999999999     
 -0.39600000000000002       0.21779999999999999     
 -0.37619999999999998       0.21779999999999999     
 -0.47520000000000007       0.23760000000000003     
 -0.45540000000000003       0.23760000000000003     
 -0.43559999999999999       0.23760000000000003     
 -0.41579999999999995       0.23760000000000003     
 -0.39600000000000002       0.23760000000000003     
 -0.37619999999999998       0.23760000000000003     
 -0.49500000000000000       0.25739999999999985     
 -0.47520000000000007       0.25739999999999985     
 -0.45540000000000003       0.25739999999999985     
 -0.43559999999999999       0.25739999999999985     
 -0.41579999999999995       0.25739999999999985     
 -0.39600000000000002       0.25739999999999985     
 -0.37619999999999998       0.25739999999999985     
 -0.49500000000000000       0.27719999999999989     
 -0.47520000000000007       0.27719999999999989     
 -0.45540000000000003       0.27719999999999989     
 -0.43559999999999999       0.27719999999999989     
 -0.41579999999999995       0.27719999999999989     
 -0.39600000000000002       0.27719999999999989     
 -0.37619999999999998       0.27719999999999989     
 -0.51480000000000004       0.29699999999999993     
 -0.49500000000000000       0.29699999999999993     
 -0.47520000000000007       0.29699999999999993     
 -0.45540000000000003       0.29699999999999993     
 -0.43559999999999999       0.29699999999999993     
 -0.41579999999999995       0.29699999999999993     
 -0.39600000000000002       0.29699999999999993     
 -0.37619999999999998       0.29699999999999993     
  -3.9600000000000080E-002  0.29699999999999993     
  -1.9800000000000040E-002  0.29699999999999993     
 -0.53459999999999996       0.31679999999999997     
 -0.51480000000000004       0.31679999999999997     
 -0.49500000000000000       0.31679999999999997     
 -0.47520000000000007       0.31679999999999997     
 -0.45540000000000003       0.31679999999999997     
 -0.43559999999999999       0.31679999999999997     
 -0.41579999999999995       0.31679999999999997     
 -0.39600000000000002       0.31679999999999997     
 -0.37619999999999998       0.31679999999999997     
  -7.9200000000000048E-002  0.31679999999999997     
  -5.9400000000000008E-002  0.31679999999999997     
  -3.9600000000000080E-002  0.31679999999999997     
 -0.53459999999999996       0.33660000000000001     
 -0.51480000000000004       0.33660000000000001     
 -0.49500000000000000       0.33660000000000001     
 -0.47520000000000007       0.33660000000000001     
 -0.45540000000000003       0.33660000000000001     
 -0.43559999999999999       0.33660000000000001     
 -0.41579999999999995       0.33660000000000001     
 -0.39600000000000002       0.33660000000000001     
 -0.37619999999999998       0.33660000000000001     
 -0.13859999999999995       0.33660000000000001     
 -0.11879999999999991       0.33660000000000001     
  -9.9000000000000088E-002  0.33660000000000001     
  -7.9200000000000048E-002  0.33660000000000001     
  -5.9400000000000008E-002  0.33660000000000001     
 -0.55440000000000000       0.35639999999999983     
 -0.53459999999999996       0.35639999999999983     
 -0.51480000000000004       0.35639999999999983     
 -0.49500000000000000       0.35639999999999983     
 -0.47520000000000007       0.35639999999999983     
 -0.45540000000000003       0.35639999999999983     
 -0.43559999999999999       0.35639999999999983     
 -0.41579999999999995       0.35639999999999983     
 -0.39600000000000002       0.35639999999999983     
 -0.37619999999999998       0.35639999999999983     
 -0.35640000000000005       0.35639999999999983     
 -0.19799999999999995       0.35639999999999983     
 -0.17820000000000003       0.35639999999999983     
 -0.15839999999999999       0.35639999999999983     
 -0.13859999999999995       0.35639999999999983     
 -0.11879999999999991       0.35639999999999983     
  -9.9000000000000088E-002  0.35639999999999983     
  -7.9200000000000048E-002  0.35639999999999983     
 -0.57420000000000004       0.37620000000000009     
 -0.55440000000000000       0.37620000000000009     
 -0.53459999999999996       0.37620000000000009     
 -0.51480000000000004       0.37620000000000009     
 -0.49500000000000000       0.37620000000000009     
 -0.47520000000000007       0.37620000000000009     
 -0.45540000000000003       0.37620000000000009     
 -0.43559999999999999       0.37620000000000009     
 -0.41579999999999995       0.37620000000000009     
 -0.39600000000000002       0.37620000000000009     
 -0.37619999999999998       0.37620000000000009     
 -0.35640000000000005       0.37620000000000009     
 -0.33660000000000001       0.37620000000000009     
 -0.31680000000000008       0.37620000000000009     
 -0.29700000000000004       0.37620000000000009     
 -0.27720000000000000       0.37620000000000009     
 -0.25739999999999996       0.37620000000000009     
 -0.23760000000000003       0.37620000000000009     
 -0.21779999999999999       0.37620000000000009     
 -0.19799999999999995       0.37620000000000009     
 -0.17820000000000003       0.37620000000000009     
 -0.15839999999999999       0.37620000000000009     
 -0.13859999999999995       0.37620000000000009     
 -0.11879999999999991       0.37620000000000009     
 -0.57420000000000004       0.39599999999999991     
 -0.55440000000000000       0.39599999999999991     
 -0.53459999999999996       0.39599999999999991     
 -0.51480000000000004       0.39599999999999991     
 -0.49500000000000000       0.39599999999999991     
 -0.47520000000000007       0.39599999999999991     
 -0.45540000000000003       0.39599999999999991     
 -0.43559999999999999       0.39599999999999991     
 -0.41579999999999995       0.39599999999999991     
 -0.39600000000000002       0.39599999999999991     
 -0.37619999999999998       0.39599999999999991     
 -0.35640000000000005       0.39599999999999991     
 -0.33660000000000001       0.39599999999999991     
 -0.31680000000000008       0.39599999999999991     
 -0.29700000000000004       0.39599999999999991     
 -0.27720000000000000       0.39599999999999991     
 -0.25739999999999996       0.39599999999999991     
 -0.23760000000000003       0.39599999999999991     
 -0.21779999999999999       0.39599999999999991     
 -0.19799999999999995       0.39599999999999991     
 -0.17820000000000003       0.39599999999999991     
 -0.15839999999999999       0.39599999999999991     
 -0.13859999999999995       0.39599999999999991     
 -0.59399999999999997       0.41580000000000017     
 -0.57420000000000004       0.41580000000000017     
 -0.55440000000000000       0.41580000000000017     
 -0.53459999999999996       0.41580000000000017     
 -0.51480000000000004       0.41580000000000017     
 -0.49500000000000000       0.41580000000000017     
 -0.47520000000000007       0.41580000000000017     
 -0.45540000000000003       0.41580000000000017     
 -0.43559999999999999       0.41580000000000017     
 -0.41579999999999995       0.41580000000000017     
 -0.39600000000000002       0.41580000000000017     
 -0.37619999999999998       0.41580000000000017     
 -0.35640000000000005       0.41580000000000017     
 -0.33660000000000001       0.41580000000000017     
 -0.31680000000000008       0.41580000000000017     
 -0.29700000000000004       0.41580000000000017     
 -0.27720000000000000       0.41580000000000017     
 -0.25739999999999996       0.41580000000000017     
 -0.23760000000000003       0.41580000000000017     
 -0.21779999999999999       0.41580000000000017     
 -0.19799999999999995       0.41580000000000017     
 -0.17820000000000003       0.41580000000000017     
 -0.15839999999999999       0.41580000000000017     
 -0.61380000000000001       0.43559999999999999     
 -0.59399999999999997       0.43559999999999999     
 -0.57420000000000004       0.43559999999999999     
 -0.55440000000000000       0.43559999999999999     
 -0.53459999999999996       0.43559999999999999     
 -0.51480000000000004       0.43559999999999999     
 -0.49500000000000000       0.43559999999999999     
 -0.47520000000000007       0.43559999999999999     
 -0.45540000000000003       0.43559999999999999     
 -0.43559999999999999       0.43559999999999999     
 -0.41579999999999995       0.43559999999999999     
 -0.39600000000000002       0.43559999999999999     
 -0.37619999999999998       0.43559999999999999     
 -0.35640000000000005       0.43559999999999999     
 -0.33660000000000001       0.43559999999999999     
 -0.31680000000000008       0.43559999999999999     
 -0.29700000000000004       0.43559999999999999     
 -0.27720000000000000       0.43559999999999999     
 -0.25739999999999996       0.43559999999999999     
 -0.23760000000000003       0.43559999999999999     
 -0.21779999999999999       0.43559999999999999     
 -0.19799999999999995       0.43559999999999999     
 -0.17820000000000003       0.43559999999999999     
 -0.61380000000000001       0.45540000000000003     
 -0.59399999999999997       0.45540000000000003     
 -0.57420000000000004       0.45540000000000003     
 -0.55440000000000000       0.45540000000000003     
 -0.53459999999999996       0.45540000000000003     
 -0.51480000000000004       0.45540000000000003     
 -0.49500000000000000       0.45540000000000003     
 -0.47520000000000007       0.45540000000000003     
 -0.45540000000000003       0.45540000000000003     
 -0.43559999999999999       0.45540000000000003     
 -0.41579999999999995       0.45540000000000003     
 -0.39600000000000002       0.45540000000000003     
 -0.37619999999999998       0.45540000000000003     
 -0.35640000000000005       0.45540000000000003     
 -0.33660000000000001       0.45540000000000003     
 -0.31680000000000008       0.45540000000000003     
 -0.29700000000000004       0.45540000000000003     
 -0.27720000000000000       0.45540000000000003     
 -0.25739999999999996       0.45540000000000003     
 -0.23760000000000003       0.45540000000000003     
 -0.21779999999999999       0.45540000000000003     
 -0.63359999999999994       0.47520000000000007     
 -0.61380000000000001       0.47520000000000007     
 -0.59399999999999997       0.47520000000000007     
 -0.57420000000000004       0.47520000000000007     
 -0.55440000000000000       0.47520000000000007     
 -0.53459999999999996       0.47520000000000007     
 -0.51480000000000004       0.47520000000000007     
 -0.49500000000000000       0.47520000000000007     
 -0.47520000000000007       0.47520000000000007     
 -0.45540000000000003       0.47520000000000007     
 -0.43559999999999999       0.47520000000000007     
 -0.41579999999999995       0.47520000000000007     
 -0.39600000000000002       0.47520000000000007     
 -0.37619999999999998       0.47520000000000007     
 -0.35640000000000005       0.47520000000000007     
 -0.33660000000000001       0.47520000000000007     
 -0.31680000000000008       0.47520000000000007     
 -0.29700000000000004       0.47520000000000007     
 -0.27720000000000000       0.47520000000000007     
 -0.25739999999999996       0.47520000000000007     
 -0.23760000000000003       0.47520000000000007     
 -0.63359999999999994       0.49500000000000011     
 -0.61380000000000001       0.49500000000000011     
 -0.59399999999999997       0.49500000000000011     
 -0.57420000000000004       0.49500000000000011     
 -0.55440000000000000       0.49500000000000011     
 -0.53459999999999996       0.49500000000000011     
 -0.51480000000000004       0.49500000000000011     
 -0.49500000000000000       0.49500000000000011     
 -0.47520000000000007       0.49500000000000011     
 -0.45540000000000003       0.49500000000000011     
 -0.43559999999999999       0.49500000000000011     
 -0.41579999999999995       0.49500000000000011     
 -0.39600000000000002       0.49500000000000011     
 -0.37619999999999998       0.49500000000000011     
 -0.35640000000000005       0.49500000000000011     
 -0.33660000000000001       0.49500000000000011     
 -0.31680000000000008       0.49500000000000011     
 -0.29700000000000004       0.49500000000000011     
 -0.27720000000000000       0.49500000000000011     
 -0.25739999999999996       0.49500000000000011     
 -0.65339999999999998       0.51479999999999992     
 -0.63359999999999994       0.51479999999999992     
 -0.61380000000000001       0.51479999999999992     
 -0.59399999999999997       0.51479999999999992     
 -0.57420000000000004       0.51479999999999992     
 -0.55440000000000000       0.51479999999999992     
 -0.53459999999999996       0.51479999999999992     
 -0.51480000000000004       0.51479999999999992     
 -0.49500000000000000       0.51479999999999992     
 -0.47520000000000007       0.51479999999999992     
 -0.45540000000000003       0.51479999999999992     
 -0.43559999999999999       0.51479999999999992     
 -0.41579999999999995       0.51479999999999992     
 -0.39600000000000002       0.51479999999999992     
 -0.37619999999999998       0.51479999999999992     
 -0.35640000000000005       0.51479999999999992     
 -0.33660000000000001       0.51479999999999992     
 -0.31680000000000008       0.51479999999999992     
 -0.29700000000000004       0.51479999999999992     
 -0.65339999999999998       0.53460000000000019     
 -0.63359999999999994       0.53460000000000019     
 -0.61380000000000001       0.53460000000000019     
 -0.59399999999999997       0.53460000000000019     
 -0.57420000000000004       0.53460000000000019     
 -0.55440000000000000       0.53460000000000019     
 -0.53459999999999996       0.53460000000000019     
 -0.51480000000000004       0.53460000000000019     
 -0.49500000000000000       0.53460000000000019     
 -0.47520000000000007       0.53460000000000019     
 -0.45540000000000003       0.53460000000000019     
 -0.43559999999999999       0.53460000000000019     
 -0.41579999999999995       0.53460000000000019     
 -0.39600000000000002       0.53460000000000019     
 -0.37619999999999998       0.53460000000000019     
 -0.35640000000000005       0.53460000000000019     
 -0.33660000000000001       0.53460000000000019     
 -0.31680000000000008       0.53460000000000019     
 -0.67320000000000002       0.55440000000000000     
 -0.65339999999999998       0.55440000000000000     
 -0.63359999999999994       0.55440000000000000     
 -0.61380000000000001       0.55440000000000000     
 -0.59399999999999997       0.55440000000000000     
 -0.57420000000000004       0.55440000000000000     
 -0.55440000000000000       0.55440000000000000     
 -0.53459999999999996       0.55440000000000000     
 -0.51480000000000004       0.55440000000000000     
 -0.49500000000000000       0.55440000000000000     
 -0.47520000000000007       0.55440000000000000     
 -0.45540000000000003       0.55440000000000000     
 -0.43559999999999999       0.55440000000000000     
 -0.41579999999999995       0.55440000000000000     
 -0.39600000000000002       0.55440000000000000     
 -0.37619999999999998       0.55440000000000000     
 -0.35640000000000005       0.55440000000000000     
 -0.67320000000000002       0.57419999999999982     
 -0.65339999999999998       0.57419999999999982     
 -0.63359999999999994       0.57419999999999982     
 -0.61380000000000001       0.57419999999999982     
 -0.59399999999999997       0.57419999999999982     
 -0.57420000000000004       0.57419999999999982     
 -0.55440000000000000       0.57419999999999982     
 -0.53459999999999996       0.57419999999999982     
 -0.51480000000000004       0.57419999999999982     
 -0.49500000000000000       0.57419999999999982     
 -0.47520000000000007       0.57419999999999982     
 -0.45540000000000003       0.57419999999999982     
 -0.43559999999999999       0.57419999999999982     
 -0.41579999999999995       0.57419999999999982     
 -0.39600000000000002       0.57419999999999982     
 -0.37619999999999998       0.57419999999999982     
 -0.69300000000000006       0.59400000000000008     
 -0.67320000000000002       0.59400000000000008     
 -0.65339999999999998       0.59400000000000008     
 -0.63359999999999994       0.59400000000000008     
 -0.61380000000000001       0.59400000000000008     
 -0.59399999999999997       0.59400000000000008     
 -0.57420000000000004       0.59400000000000008     
 -0.55440000000000000       0.59400000000000008     
 -0.53459999999999996       0.59400000000000008     
 -0.51480000000000004       0.59400000000000008     
 -0.49500000000000000       0.59400000000000008     
 -0.47520000000000007       0.59400000000000008     
 -0.45540000000000003       0.59400000000000008     
 -0.43559999999999999       0.59400000000000008     
 -0.41579999999999995       0.59400000000000008     
 -0.69300000000000006       0.61379999999999990     
 -0.67320000000000002       0.61379999999999990     
 -0.65339999999999998       0.61379999999999990     
 -0.63359999999999994       0.61379999999999990     
 -0.61380000000000001       0.61379999999999990     
 -0.59399999999999997       0.61379999999999990     
 -0.57420000000000004       0.61379999999999990     
 -0.55440000000000000       0.61379999999999990     
 -0.53459999999999996       0.61379999999999990     
 -0.51480000000000004       0.61379999999999990     
 -0.49500000000000000       0.61379999999999990     
 -0.47520000000000007       0.61379999999999990     
 -0.45540000000000003       0.61379999999999990     
 -0.43559999999999999       0.61379999999999990     
 -0.69300000000000006       0.63359999999999994     
 -0.67320000000000002       0.63359999999999994     
 -0.65339999999999998       0.63359999999999994     
 -0.63359999999999994       0.63359999999999994     
 -0.61380000000000001       0.63359999999999994     
 -0.59399999999999997       0.63359999999999994     
 -0.57420000000000004       0.63359999999999994     
 -0.55440000000000000       0.63359999999999994     
 -0.53459999999999996       0.63359999999999994     
 -0.51480000000000004       0.63359999999999994     
 -0.49500000000000000       0.63359999999999994     
 -0.47520000000000007       0.63359999999999994     
 -0.71279999999999999       0.65339999999999998     
 -0.69300000000000006       0.65339999999999998     
 -0.67320000000000002       0.65339999999999998     
 -0.65339999999999998       0.65339999999999998     
 -0.63359999999999994       0.65339999999999998     
 -0.61380000000000001       0.65339999999999998     
 -0.59399999999999997       0.65339999999999998     
 -0.57420000000000004       0.65339999999999998     
 -0.55440000000000000       0.65339999999999998     
 -0.53459999999999996       0.65339999999999998     
 -0.51480000000000004       0.65339999999999998     
 -0.71279999999999999       0.67320000000000002     
 -0.69300000000000006       0.67320000000000002     
 -0.67320000000000002       0.67320000000000002     
 -0.65339999999999998       0.67320000000000002     
 -0.63359999999999994       0.67320000000000002     
 -0.61380000000000001       0.67320000000000002     
 -0.59399999999999997       0.67320000000000002     
 -0.57420000000000004       0.67320000000000002     
 -0.55440000000000000       0.67320000000000002     
 -0.71279999999999999       0.69300000000000006     
 -0.69300000000000006       0.69300000000000006     
 -0.67320000000000002       0.69300000000000006     
 -0.65339999999999998       0.69300000000000006     
 -0.63359999999999994       0.69300000000000006     
 -0.61380000000000001       0.69300000000000006     
 -0.59399999999999997       0.69300000000000006     
 -0.69300000000000006       0.71280000000000010     
 -0.67320000000000002       0.71280000000000010     
 -0.65339999999999998       0.71280000000000010     
