 -0.46232323232323225        2.0101010101009953E-002
 -0.42212121212121212        2.0101010101009953E-002
 -0.38191919191919199        2.0101010101009953E-002
 -0.34171717171717164        2.0101010101009953E-002
 -0.30151515151515151        2.0101010101009953E-002
 -0.26131313131313139        2.0101010101009953E-002
 -0.22111111111111104        2.0101010101009953E-002
 -0.18090909090909091        2.0101010101009953E-002
 -0.14070707070707056        2.0101010101009953E-002
 -0.10050505050505043        2.0101010101009953E-002
  -6.0303030303030303E-002   2.0101010101009953E-002
  -2.0101010101009953E-002   2.0101010101009953E-002
   2.0101010101009953E-002   2.0101010101009953E-002
   6.0303030303030303E-002   2.0101010101009953E-002
  0.10050505050505065        2.0101010101009953E-002
  0.14070707070707056        2.0101010101009953E-002
  0.18090909090909091        2.0101010101009953E-002
  0.22111111111111126        2.0101010101009953E-002
  0.26131313131313116        2.0101010101009953E-002
  0.30151515151515151        2.0101010101009953E-002
  0.34171717171717186        2.0101010101009953E-002
  0.38191919191919177        2.0101010101009953E-002
  0.42212121212121212        2.0101010101009953E-002
  0.46232323232323247        2.0101010101009953E-002
 -0.46232323232323225        6.0303030303030303E-002
 -0.42212121212121212        6.0303030303030303E-002
 -0.38191919191919199        6.0303030303030303E-002
 -0.34171717171717164        6.0303030303030303E-002
 -0.30151515151515151        6.0303030303030303E-002
 -0.26131313131313139        6.0303030303030303E-002
 -0.22111111111111104        6.0303030303030303E-002
 -0.18090909090909091        6.0303030303030303E-002
 -0.14070707070707056        6.0303030303030303E-002
 -0.10050505050505043        6.0303030303030303E-002
  -6.0303030303030303E-002   6.0303030303030303E-002
  -2.0101010101009953E-002   6.0303030303030303E-002
   2.0101010101009953E-002   6.0303030303030303E-002
   6.0303030303030303E-002   6.0303030303030303E-002
  0.10050505050505065        6.0303030303030303E-002
  0.14070707070707056        6.0303030303030303E-002
  0.18090909090909091        6.0303030303030303E-002
  0.22111111111111126        6.0303030303030303E-002
  0.26131313131313116        6.0303030303030303E-002
  0.30151515151515151        6.0303030303030303E-002
  0.34171717171717186        6.0303030303030303E-002
  0.38191919191919177        6.0303030303030303E-002
  0.42212121212121212        6.0303030303030303E-002
  0.46232323232323247        6.0303030303030303E-002
 -0.46232323232323225       0.10050505050505065     
 -0.42212121212121212       0.10050505050505065     
 -0.38191919191919199       0.10050505050505065     
 -0.34171717171717164       0.10050505050505065     
 -0.30151515151515151       0.10050505050505065     
 -0.26131313131313139       0.10050505050505065     
 -0.22111111111111104       0.10050505050505065     
 -0.18090909090909091       0.10050505050505065     
 -0.14070707070707056       0.10050505050505065     
 -0.10050505050505043       0.10050505050505065     
  -6.0303030303030303E-002  0.10050505050505065     
  -2.0101010101009953E-002  0.10050505050505065     
   2.0101010101009953E-002  0.10050505050505065     
   6.0303030303030303E-002  0.10050505050505065     
  0.10050505050505065       0.10050505050505065     
  0.14070707070707056       0.10050505050505065     
  0.18090909090909091       0.10050505050505065     
  0.22111111111111126       0.10050505050505065     
  0.26131313131313116       0.10050505050505065     
  0.30151515151515151       0.10050505050505065     
  0.34171717171717186       0.10050505050505065     
  0.38191919191919177       0.10050505050505065     
  0.42212121212121212       0.10050505050505065     
  0.46232323232323247       0.10050505050505065     
 -0.46232323232323225       0.14070707070707056     
 -0.42212121212121212       0.14070707070707056     
 -0.38191919191919199       0.14070707070707056     
 -0.34171717171717164       0.14070707070707056     
 -0.30151515151515151       0.14070707070707056     
 -0.26131313131313139       0.14070707070707056     
 -0.22111111111111104       0.14070707070707056     
 -0.18090909090909091       0.14070707070707056     
 -0.14070707070707056       0.14070707070707056     
 -0.10050505050505043       0.14070707070707056     
  -6.0303030303030303E-002  0.14070707070707056     
  -2.0101010101009953E-002  0.14070707070707056     
   2.0101010101009953E-002  0.14070707070707056     
   6.0303030303030303E-002  0.14070707070707056     
  0.10050505050505065       0.14070707070707056     
  0.14070707070707056       0.14070707070707056     
  0.18090909090909091       0.14070707070707056     
  0.22111111111111126       0.14070707070707056     
  0.26131313131313116       0.14070707070707056     
  0.30151515151515151       0.14070707070707056     
  0.34171717171717186       0.14070707070707056     
  0.38191919191919177       0.14070707070707056     
  0.42212121212121212       0.14070707070707056     
  0.46232323232323247       0.14070707070707056     
 -0.46232323232323225       0.18090909090909091     
 -0.42212121212121212       0.18090909090909091     
 -0.38191919191919199       0.18090909090909091     
 -0.34171717171717164       0.18090909090909091     
 -0.30151515151515151       0.18090909090909091     
 -0.26131313131313139       0.18090909090909091     
 -0.22111111111111104       0.18090909090909091     
 -0.18090909090909091       0.18090909090909091     
 -0.14070707070707056       0.18090909090909091     
 -0.10050505050505043       0.18090909090909091     
  -6.0303030303030303E-002  0.18090909090909091     
  -2.0101010101009953E-002  0.18090909090909091     
   2.0101010101009953E-002  0.18090909090909091     
   6.0303030303030303E-002  0.18090909090909091     
  0.10050505050505065       0.18090909090909091     
  0.14070707070707056       0.18090909090909091     
  0.18090909090909091       0.18090909090909091     
  0.22111111111111126       0.18090909090909091     
  0.26131313131313116       0.18090909090909091     
  0.30151515151515151       0.18090909090909091     
  0.34171717171717186       0.18090909090909091     
  0.38191919191919177       0.18090909090909091     
  0.42212121212121212       0.18090909090909091     
  0.46232323232323247       0.18090909090909091     
 -0.46232323232323225       0.22111111111111126     
 -0.42212121212121212       0.22111111111111126     
 -0.38191919191919199       0.22111111111111126     
 -0.34171717171717164       0.22111111111111126     
 -0.30151515151515151       0.22111111111111126     
 -0.26131313131313139       0.22111111111111126     
 -0.22111111111111104       0.22111111111111126     
 -0.18090909090909091       0.22111111111111126     
 -0.14070707070707056       0.22111111111111126     
 -0.10050505050505043       0.22111111111111126     
  -6.0303030303030303E-002  0.22111111111111126     
  -2.0101010101009953E-002  0.22111111111111126     
   2.0101010101009953E-002  0.22111111111111126     
   6.0303030303030303E-002  0.22111111111111126     
  0.10050505050505065       0.22111111111111126     
  0.14070707070707056       0.22111111111111126     
  0.18090909090909091       0.22111111111111126     
  0.22111111111111126       0.22111111111111126     
  0.26131313131313116       0.22111111111111126     
  0.30151515151515151       0.22111111111111126     
  0.34171717171717186       0.22111111111111126     
  0.38191919191919177       0.22111111111111126     
  0.42212121212121212       0.22111111111111126     
  0.46232323232323247       0.22111111111111126     
 -0.46232323232323225       0.26131313131313116     
 -0.42212121212121212       0.26131313131313116     
 -0.38191919191919199       0.26131313131313116     
 -0.34171717171717164       0.26131313131313116     
 -0.30151515151515151       0.26131313131313116     
 -0.26131313131313139       0.26131313131313116     
 -0.22111111111111104       0.26131313131313116     
 -0.18090909090909091       0.26131313131313116     
 -0.14070707070707056       0.26131313131313116     
 -0.10050505050505043       0.26131313131313116     
  -6.0303030303030303E-002  0.26131313131313116     
  -2.0101010101009953E-002  0.26131313131313116     
   2.0101010101009953E-002  0.26131313131313116     
   6.0303030303030303E-002  0.26131313131313116     
  0.10050505050505065       0.26131313131313116     
  0.14070707070707056       0.26131313131313116     
  0.18090909090909091       0.26131313131313116     
  0.22111111111111126       0.26131313131313116     
  0.26131313131313116       0.26131313131313116     
  0.30151515151515151       0.26131313131313116     
  0.34171717171717186       0.26131313131313116     
  0.38191919191919177       0.26131313131313116     
  0.42212121212121212       0.26131313131313116     
  0.46232323232323247       0.26131313131313116     
 -0.46232323232323225       0.30151515151515151     
 -0.42212121212121212       0.30151515151515151     
 -0.38191919191919199       0.30151515151515151     
 -0.34171717171717164       0.30151515151515151     
 -0.30151515151515151       0.30151515151515151     
 -0.26131313131313139       0.30151515151515151     
 -0.22111111111111104       0.30151515151515151     
 -0.18090909090909091       0.30151515151515151     
 -0.14070707070707056       0.30151515151515151     
 -0.10050505050505043       0.30151515151515151     
  -6.0303030303030303E-002  0.30151515151515151     
  -2.0101010101009953E-002  0.30151515151515151     
   2.0101010101009953E-002  0.30151515151515151     
   6.0303030303030303E-002  0.30151515151515151     
  0.10050505050505065       0.30151515151515151     
  0.14070707070707056       0.30151515151515151     
  0.18090909090909091       0.30151515151515151     
  0.22111111111111126       0.30151515151515151     
  0.26131313131313116       0.30151515151515151     
  0.30151515151515151       0.30151515151515151     
  0.34171717171717186       0.30151515151515151     
  0.38191919191919177       0.30151515151515151     
  0.42212121212121212       0.30151515151515151     
  0.46232323232323247       0.30151515151515151     
 -0.46232323232323225       0.34171717171717186     
 -0.42212121212121212       0.34171717171717186     
 -0.38191919191919199       0.34171717171717186     
 -0.34171717171717164       0.34171717171717186     
 -0.30151515151515151       0.34171717171717186     
 -0.26131313131313139       0.34171717171717186     
 -0.22111111111111104       0.34171717171717186     
 -0.18090909090909091       0.34171717171717186     
 -0.14070707070707056       0.34171717171717186     
 -0.10050505050505043       0.34171717171717186     
  -6.0303030303030303E-002  0.34171717171717186     
  -2.0101010101009953E-002  0.34171717171717186     
   2.0101010101009953E-002  0.34171717171717186     
   6.0303030303030303E-002  0.34171717171717186     
  0.10050505050505065       0.34171717171717186     
  0.14070707070707056       0.34171717171717186     
  0.18090909090909091       0.34171717171717186     
  0.22111111111111126       0.34171717171717186     
  0.26131313131313116       0.34171717171717186     
  0.30151515151515151       0.34171717171717186     
  0.34171717171717186       0.34171717171717186     
  0.38191919191919177       0.34171717171717186     
  0.42212121212121212       0.34171717171717186     
  0.46232323232323247       0.34171717171717186     
 -0.46232323232323225       0.38191919191919177     
 -0.42212121212121212       0.38191919191919177     
 -0.38191919191919199       0.38191919191919177     
 -0.34171717171717164       0.38191919191919177     
 -0.30151515151515151       0.38191919191919177     
 -0.26131313131313139       0.38191919191919177     
 -0.22111111111111104       0.38191919191919177     
 -0.18090909090909091       0.38191919191919177     
 -0.14070707070707056       0.38191919191919177     
 -0.10050505050505043       0.38191919191919177     
  -6.0303030303030303E-002  0.38191919191919177     
  -2.0101010101009953E-002  0.38191919191919177     
   2.0101010101009953E-002  0.38191919191919177     
   6.0303030303030303E-002  0.38191919191919177     
  0.10050505050505065       0.38191919191919177     
  0.14070707070707056       0.38191919191919177     
  0.18090909090909091       0.38191919191919177     
  0.22111111111111126       0.38191919191919177     
  0.26131313131313116       0.38191919191919177     
  0.30151515151515151       0.38191919191919177     
  0.34171717171717186       0.38191919191919177     
  0.38191919191919177       0.38191919191919177     
  0.42212121212121212       0.38191919191919177     
  0.46232323232323247       0.38191919191919177     
 -0.46232323232323225       0.42212121212121212     
 -0.42212121212121212       0.42212121212121212     
 -0.38191919191919199       0.42212121212121212     
 -0.34171717171717164       0.42212121212121212     
 -0.30151515151515151       0.42212121212121212     
 -0.26131313131313139       0.42212121212121212     
 -0.22111111111111104       0.42212121212121212     
 -0.18090909090909091       0.42212121212121212     
 -0.14070707070707056       0.42212121212121212     
 -0.10050505050505043       0.42212121212121212     
  -6.0303030303030303E-002  0.42212121212121212     
  -2.0101010101009953E-002  0.42212121212121212     
   2.0101010101009953E-002  0.42212121212121212     
   6.0303030303030303E-002  0.42212121212121212     
  0.10050505050505065       0.42212121212121212     
  0.14070707070707056       0.42212121212121212     
  0.18090909090909091       0.42212121212121212     
  0.22111111111111126       0.42212121212121212     
  0.26131313131313116       0.42212121212121212     
  0.30151515151515151       0.42212121212121212     
  0.34171717171717186       0.42212121212121212     
  0.38191919191919177       0.42212121212121212     
  0.42212121212121212       0.42212121212121212     
  0.46232323232323247       0.42212121212121212     
 -0.46232323232323225       0.46232323232323247     
 -0.42212121212121212       0.46232323232323247     
 -0.38191919191919199       0.46232323232323247     
 -0.34171717171717164       0.46232323232323247     
 -0.30151515151515151       0.46232323232323247     
 -0.26131313131313139       0.46232323232323247     
 -0.22111111111111104       0.46232323232323247     
 -0.18090909090909091       0.46232323232323247     
 -0.14070707070707056       0.46232323232323247     
 -0.10050505050505043       0.46232323232323247     
  -6.0303030303030303E-002  0.46232323232323247     
  -2.0101010101009953E-002  0.46232323232323247     
   2.0101010101009953E-002  0.46232323232323247     
   6.0303030303030303E-002  0.46232323232323247     
  0.10050505050505065       0.46232323232323247     
  0.14070707070707056       0.46232323232323247     
  0.18090909090909091       0.46232323232323247     
  0.22111111111111126       0.46232323232323247     
  0.26131313131313116       0.46232323232323247     
  0.30151515151515151       0.46232323232323247     
  0.34171717171717186       0.46232323232323247     
  0.38191919191919177       0.46232323232323247     
  0.42212121212121212       0.46232323232323247     
  0.46232323232323247       0.46232323232323247     
