  -5.9400000000000008E-002  0.51479999999999992     
  -3.9600000000000080E-002  0.51479999999999992     
  -1.9800000000000040E-002  0.51479999999999992     
   0.0000000000000000       0.51479999999999992     
   1.9800000000000040E-002  0.51479999999999992     
   3.9599999999999858E-002  0.51479999999999992     
   5.9399999999999897E-002  0.51479999999999992     
  -9.9000000000000088E-002  0.53460000000000019     
  -7.9200000000000048E-002  0.53460000000000019     
  -5.9400000000000008E-002  0.53460000000000019     
  -3.9600000000000080E-002  0.53460000000000019     
  -1.9800000000000040E-002  0.53460000000000019     
   0.0000000000000000       0.53460000000000019     
   1.9800000000000040E-002  0.53460000000000019     
   3.9599999999999858E-002  0.53460000000000019     
   5.9399999999999897E-002  0.53460000000000019     
   7.9199999999999937E-002  0.53460000000000019     
   9.8999999999999977E-002  0.53460000000000019     
 -0.11879999999999991       0.55440000000000000     
  -9.9000000000000088E-002  0.55440000000000000     
  -7.9200000000000048E-002  0.55440000000000000     
  -5.9400000000000008E-002  0.55440000000000000     
  -3.9600000000000080E-002  0.55440000000000000     
  -1.9800000000000040E-002  0.55440000000000000     
   0.0000000000000000       0.55440000000000000     
   1.9800000000000040E-002  0.55440000000000000     
   3.9599999999999858E-002  0.55440000000000000     
   5.9399999999999897E-002  0.55440000000000000     
   7.9199999999999937E-002  0.55440000000000000     
   9.8999999999999977E-002  0.55440000000000000     
  0.11880000000000002       0.55440000000000000     
 -0.13859999999999995       0.57419999999999982     
 -0.11879999999999991       0.57419999999999982     
  -9.9000000000000088E-002  0.57419999999999982     
  -7.9200000000000048E-002  0.57419999999999982     
  -5.9400000000000008E-002  0.57419999999999982     
  -3.9600000000000080E-002  0.57419999999999982     
  -1.9800000000000040E-002  0.57419999999999982     
   0.0000000000000000       0.57419999999999982     
   1.9800000000000040E-002  0.57419999999999982     
   3.9599999999999858E-002  0.57419999999999982     
   5.9399999999999897E-002  0.57419999999999982     
   7.9199999999999937E-002  0.57419999999999982     
   9.8999999999999977E-002  0.57419999999999982     
  0.11880000000000002       0.57419999999999982     
  0.13860000000000006       0.57419999999999982     
 -0.15839999999999999       0.59400000000000008     
 -0.13859999999999995       0.59400000000000008     
 -0.11879999999999991       0.59400000000000008     
  -9.9000000000000088E-002  0.59400000000000008     
  -7.9200000000000048E-002  0.59400000000000008     
  -5.9400000000000008E-002  0.59400000000000008     
  -3.9600000000000080E-002  0.59400000000000008     
  -1.9800000000000040E-002  0.59400000000000008     
   0.0000000000000000       0.59400000000000008     
   1.9800000000000040E-002  0.59400000000000008     
   3.9599999999999858E-002  0.59400000000000008     
   5.9399999999999897E-002  0.59400000000000008     
   7.9199999999999937E-002  0.59400000000000008     
   9.8999999999999977E-002  0.59400000000000008     
  0.11880000000000002       0.59400000000000008     
  0.13860000000000006       0.59400000000000008     
  0.15840000000000010       0.59400000000000008     
 -0.17820000000000003       0.61379999999999990     
 -0.15839999999999999       0.61379999999999990     
 -0.13859999999999995       0.61379999999999990     
 -0.11879999999999991       0.61379999999999990     
  -9.9000000000000088E-002  0.61379999999999990     
  -7.9200000000000048E-002  0.61379999999999990     
  -5.9400000000000008E-002  0.61379999999999990     
  -3.9600000000000080E-002  0.61379999999999990     
  -1.9800000000000040E-002  0.61379999999999990     
   0.0000000000000000       0.61379999999999990     
   1.9800000000000040E-002  0.61379999999999990     
   3.9599999999999858E-002  0.61379999999999990     
   5.9399999999999897E-002  0.61379999999999990     
   7.9199999999999937E-002  0.61379999999999990     
   9.8999999999999977E-002  0.61379999999999990     
  0.11880000000000002       0.61379999999999990     
  0.13860000000000006       0.61379999999999990     
  0.15840000000000010       0.61379999999999990     
  0.17819999999999991       0.61379999999999990     
 -0.17820000000000003       0.63359999999999994     
 -0.15839999999999999       0.63359999999999994     
 -0.13859999999999995       0.63359999999999994     
 -0.11879999999999991       0.63359999999999994     
  -9.9000000000000088E-002  0.63359999999999994     
  -7.9200000000000048E-002  0.63359999999999994     
  -5.9400000000000008E-002  0.63359999999999994     
  -3.9600000000000080E-002  0.63359999999999994     
  -1.9800000000000040E-002  0.63359999999999994     
   0.0000000000000000       0.63359999999999994     
   1.9800000000000040E-002  0.63359999999999994     
   3.9599999999999858E-002  0.63359999999999994     
   5.9399999999999897E-002  0.63359999999999994     
   7.9199999999999937E-002  0.63359999999999994     
   9.8999999999999977E-002  0.63359999999999994     
  0.11880000000000002       0.63359999999999994     
  0.13860000000000006       0.63359999999999994     
  0.15840000000000010       0.63359999999999994     
  0.17819999999999991       0.63359999999999994     
 -0.17820000000000003       0.65339999999999998     
 -0.15839999999999999       0.65339999999999998     
 -0.13859999999999995       0.65339999999999998     
 -0.11879999999999991       0.65339999999999998     
  -9.9000000000000088E-002  0.65339999999999998     
  -7.9200000000000048E-002  0.65339999999999998     
  -5.9400000000000008E-002  0.65339999999999998     
  -3.9600000000000080E-002  0.65339999999999998     
  -1.9800000000000040E-002  0.65339999999999998     
   0.0000000000000000       0.65339999999999998     
   1.9800000000000040E-002  0.65339999999999998     
   3.9599999999999858E-002  0.65339999999999998     
   5.9399999999999897E-002  0.65339999999999998     
   7.9199999999999937E-002  0.65339999999999998     
   9.8999999999999977E-002  0.65339999999999998     
  0.11880000000000002       0.65339999999999998     
  0.13860000000000006       0.65339999999999998     
  0.15840000000000010       0.65339999999999998     
  0.17819999999999991       0.65339999999999998     
 -0.19799999999999995       0.67320000000000002     
 -0.17820000000000003       0.67320000000000002     
 -0.15839999999999999       0.67320000000000002     
 -0.13859999999999995       0.67320000000000002     
 -0.11879999999999991       0.67320000000000002     
  -9.9000000000000088E-002  0.67320000000000002     
  -7.9200000000000048E-002  0.67320000000000002     
  -5.9400000000000008E-002  0.67320000000000002     
  -3.9600000000000080E-002  0.67320000000000002     
  -1.9800000000000040E-002  0.67320000000000002     
   0.0000000000000000       0.67320000000000002     
   1.9800000000000040E-002  0.67320000000000002     
   3.9599999999999858E-002  0.67320000000000002     
   5.9399999999999897E-002  0.67320000000000002     
   7.9199999999999937E-002  0.67320000000000002     
   9.8999999999999977E-002  0.67320000000000002     
  0.11880000000000002       0.67320000000000002     
  0.13860000000000006       0.67320000000000002     
  0.15840000000000010       0.67320000000000002     
  0.17819999999999991       0.67320000000000002     
  0.19799999999999995       0.67320000000000002     
 -0.19799999999999995       0.69300000000000006     
 -0.17820000000000003       0.69300000000000006     
 -0.15839999999999999       0.69300000000000006     
 -0.13859999999999995       0.69300000000000006     
 -0.11879999999999991       0.69300000000000006     
  -9.9000000000000088E-002  0.69300000000000006     
  -7.9200000000000048E-002  0.69300000000000006     
  -5.9400000000000008E-002  0.69300000000000006     
  -3.9600000000000080E-002  0.69300000000000006     
  -1.9800000000000040E-002  0.69300000000000006     
   0.0000000000000000       0.69300000000000006     
   1.9800000000000040E-002  0.69300000000000006     
   3.9599999999999858E-002  0.69300000000000006     
   5.9399999999999897E-002  0.69300000000000006     
   7.9199999999999937E-002  0.69300000000000006     
   9.8999999999999977E-002  0.69300000000000006     
  0.11880000000000002       0.69300000000000006     
  0.13860000000000006       0.69300000000000006     
  0.15840000000000010       0.69300000000000006     
  0.17819999999999991       0.69300000000000006     
  0.19799999999999995       0.69300000000000006     
 -0.19799999999999995       0.71280000000000010     
 -0.17820000000000003       0.71280000000000010     
 -0.15839999999999999       0.71280000000000010     
 -0.13859999999999995       0.71280000000000010     
 -0.11879999999999991       0.71280000000000010     
  -9.9000000000000088E-002  0.71280000000000010     
  -7.9200000000000048E-002  0.71280000000000010     
  -5.9400000000000008E-002  0.71280000000000010     
  -3.9600000000000080E-002  0.71280000000000010     
  -1.9800000000000040E-002  0.71280000000000010     
   0.0000000000000000       0.71280000000000010     
   1.9800000000000040E-002  0.71280000000000010     
   3.9599999999999858E-002  0.71280000000000010     
   5.9399999999999897E-002  0.71280000000000010     
   7.9199999999999937E-002  0.71280000000000010     
   9.8999999999999977E-002  0.71280000000000010     
  0.11880000000000002       0.71280000000000010     
  0.13860000000000006       0.71280000000000010     
  0.15840000000000010       0.71280000000000010     
  0.17819999999999991       0.71280000000000010     
  0.19799999999999995       0.71280000000000010     
 -0.17820000000000003       0.73259999999999992     
 -0.15839999999999999       0.73259999999999992     
 -0.13859999999999995       0.73259999999999992     
 -0.11879999999999991       0.73259999999999992     
  -9.9000000000000088E-002  0.73259999999999992     
  -7.9200000000000048E-002  0.73259999999999992     
  -5.9400000000000008E-002  0.73259999999999992     
  -3.9600000000000080E-002  0.73259999999999992     
  -1.9800000000000040E-002  0.73259999999999992     
   0.0000000000000000       0.73259999999999992     
   1.9800000000000040E-002  0.73259999999999992     
   3.9599999999999858E-002  0.73259999999999992     
   5.9399999999999897E-002  0.73259999999999992     
   7.9199999999999937E-002  0.73259999999999992     
   9.8999999999999977E-002  0.73259999999999992     
  0.11880000000000002       0.73259999999999992     
  0.13860000000000006       0.73259999999999992     
  0.15840000000000010       0.73259999999999992     
  0.17819999999999991       0.73259999999999992     
 -0.17820000000000003       0.75240000000000018     
 -0.15839999999999999       0.75240000000000018     
 -0.13859999999999995       0.75240000000000018     
 -0.11879999999999991       0.75240000000000018     
  -9.9000000000000088E-002  0.75240000000000018     
  -7.9200000000000048E-002  0.75240000000000018     
  -5.9400000000000008E-002  0.75240000000000018     
  -3.9600000000000080E-002  0.75240000000000018     
  -1.9800000000000040E-002  0.75240000000000018     
   0.0000000000000000       0.75240000000000018     
   1.9800000000000040E-002  0.75240000000000018     
   3.9599999999999858E-002  0.75240000000000018     
   5.9399999999999897E-002  0.75240000000000018     
   7.9199999999999937E-002  0.75240000000000018     
   9.8999999999999977E-002  0.75240000000000018     
  0.11880000000000002       0.75240000000000018     
  0.13860000000000006       0.75240000000000018     
  0.15840000000000010       0.75240000000000018     
  0.17819999999999991       0.75240000000000018     
 -0.17820000000000003       0.77220000000000000     
 -0.15839999999999999       0.77220000000000000     
 -0.13859999999999995       0.77220000000000000     
 -0.11879999999999991       0.77220000000000000     
  -9.9000000000000088E-002  0.77220000000000000     
  -7.9200000000000048E-002  0.77220000000000000     
  -5.9400000000000008E-002  0.77220000000000000     
  -3.9600000000000080E-002  0.77220000000000000     
  -1.9800000000000040E-002  0.77220000000000000     
   0.0000000000000000       0.77220000000000000     
   1.9800000000000040E-002  0.77220000000000000     
   3.9599999999999858E-002  0.77220000000000000     
   5.9399999999999897E-002  0.77220000000000000     
   7.9199999999999937E-002  0.77220000000000000     
   9.8999999999999977E-002  0.77220000000000000     
  0.11880000000000002       0.77220000000000000     
  0.13860000000000006       0.77220000000000000     
  0.15840000000000010       0.77220000000000000     
  0.17819999999999991       0.77220000000000000     
 -0.15839999999999999       0.79199999999999982     
 -0.13859999999999995       0.79199999999999982     
 -0.11879999999999991       0.79199999999999982     
  -9.9000000000000088E-002  0.79199999999999982     
  -7.9200000000000048E-002  0.79199999999999982     
  -5.9400000000000008E-002  0.79199999999999982     
  -3.9600000000000080E-002  0.79199999999999982     
  -1.9800000000000040E-002  0.79199999999999982     
   0.0000000000000000       0.79199999999999982     
   1.9800000000000040E-002  0.79199999999999982     
   3.9599999999999858E-002  0.79199999999999982     
   5.9399999999999897E-002  0.79199999999999982     
   7.9199999999999937E-002  0.79199999999999982     
   9.8999999999999977E-002  0.79199999999999982     
  0.11880000000000002       0.79199999999999982     
  0.13860000000000006       0.79199999999999982     
  0.15840000000000010       0.79199999999999982     
 -0.15839999999999999       0.81180000000000008     
 -0.13859999999999995       0.81180000000000008     
 -0.11879999999999991       0.81180000000000008     
  -9.9000000000000088E-002  0.81180000000000008     
  -7.9200000000000048E-002  0.81180000000000008     
  -5.9400000000000008E-002  0.81180000000000008     
  -3.9600000000000080E-002  0.81180000000000008     
  -1.9800000000000040E-002  0.81180000000000008     
   0.0000000000000000       0.81180000000000008     
   1.9800000000000040E-002  0.81180000000000008     
   3.9599999999999858E-002  0.81180000000000008     
   5.9399999999999897E-002  0.81180000000000008     
   7.9199999999999937E-002  0.81180000000000008     
   9.8999999999999977E-002  0.81180000000000008     
  0.11880000000000002       0.81180000000000008     
  0.13860000000000006       0.81180000000000008     
  0.15840000000000010       0.81180000000000008     
 -0.13859999999999995       0.83159999999999989     
 -0.11879999999999991       0.83159999999999989     
  -9.9000000000000088E-002  0.83159999999999989     
  -7.9200000000000048E-002  0.83159999999999989     
  -5.9400000000000008E-002  0.83159999999999989     
  -3.9600000000000080E-002  0.83159999999999989     
  -1.9800000000000040E-002  0.83159999999999989     
   0.0000000000000000       0.83159999999999989     
   1.9800000000000040E-002  0.83159999999999989     
   3.9599999999999858E-002  0.83159999999999989     
   5.9399999999999897E-002  0.83159999999999989     
   7.9199999999999937E-002  0.83159999999999989     
   9.8999999999999977E-002  0.83159999999999989     
  0.11880000000000002       0.83159999999999989     
  0.13860000000000006       0.83159999999999989     
 -0.11879999999999991       0.85139999999999993     
  -9.9000000000000088E-002  0.85139999999999993     
  -7.9200000000000048E-002  0.85139999999999993     
  -5.9400000000000008E-002  0.85139999999999993     
  -3.9600000000000080E-002  0.85139999999999993     
  -1.9800000000000040E-002  0.85139999999999993     
   0.0000000000000000       0.85139999999999993     
   1.9800000000000040E-002  0.85139999999999993     
   3.9599999999999858E-002  0.85139999999999993     
   5.9399999999999897E-002  0.85139999999999993     
   7.9199999999999937E-002  0.85139999999999993     
   9.8999999999999977E-002  0.85139999999999993     
  0.11880000000000002       0.85139999999999993     
  -9.9000000000000088E-002  0.87119999999999997     
  -7.9200000000000048E-002  0.87119999999999997     
  -5.9400000000000008E-002  0.87119999999999997     
  -3.9600000000000080E-002  0.87119999999999997     
  -1.9800000000000040E-002  0.87119999999999997     
   0.0000000000000000       0.87119999999999997     
   1.9800000000000040E-002  0.87119999999999997     
   3.9599999999999858E-002  0.87119999999999997     
   5.9399999999999897E-002  0.87119999999999997     
   7.9199999999999937E-002  0.87119999999999997     
   9.8999999999999977E-002  0.87119999999999997     
  -3.9600000000000080E-002  0.89100000000000001     
  -1.9800000000000040E-002  0.89100000000000001     
   0.0000000000000000       0.89100000000000001     
   1.9800000000000040E-002  0.89100000000000001     
   3.9599999999999858E-002  0.89100000000000001     
