 -0.74373737373737381      -0.46232323232323225     
 -0.70353535353535346      -0.46232323232323225     
 -0.66333333333333333      -0.46232323232323225     
 -0.62313131313131320      -0.46232323232323225     
 -0.58292929292929285      -0.46232323232323225     
 -0.54272727272727272      -0.46232323232323225     
 -0.50252525252525260      -0.46232323232323225     
 -0.46232323232323225      -0.46232323232323225     
 -0.42212121212121212      -0.46232323232323225     
 -0.38191919191919199      -0.46232323232323225     
 -0.34171717171717164      -0.46232323232323225     
 -0.30151515151515151      -0.46232323232323225     
 -0.26131313131313139      -0.46232323232323225     
 -0.22111111111111104      -0.46232323232323225     
 -0.18090909090909091      -0.46232323232323225     
 -0.14070707070707056      -0.46232323232323225     
 -0.10050505050505043      -0.46232323232323225     
  -6.0303030303030303E-002 -0.46232323232323225     
  -2.0101010101009953E-002 -0.46232323232323225     
   2.0101010101009953E-002 -0.46232323232323225     
   6.0303030303030303E-002 -0.46232323232323225     
  0.10050505050505065      -0.46232323232323225     
  0.14070707070707056      -0.46232323232323225     
  0.18090909090909091      -0.46232323232323225     
  0.22111111111111126      -0.46232323232323225     
  0.26131313131313116      -0.46232323232323225     
  0.30151515151515151      -0.46232323232323225     
  0.34171717171717186      -0.46232323232323225     
  0.38191919191919177      -0.46232323232323225     
  0.42212121212121212      -0.46232323232323225     
  0.46232323232323247      -0.46232323232323225     
  0.50252525252525237      -0.46232323232323225     
  0.54272727272727272      -0.46232323232323225     
  0.58292929292929307      -0.46232323232323225     
  0.62313131313131298      -0.46232323232323225     
  0.66333333333333333      -0.46232323232323225     
  0.70353535353535368      -0.46232323232323225     
  0.74373737373737359      -0.46232323232323225     
 -0.74373737373737381      -0.42212121212121212     
 -0.70353535353535346      -0.42212121212121212     
 -0.66333333333333333      -0.42212121212121212     
 -0.62313131313131320      -0.42212121212121212     
 -0.58292929292929285      -0.42212121212121212     
 -0.54272727272727272      -0.42212121212121212     
 -0.50252525252525260      -0.42212121212121212     
 -0.46232323232323225      -0.42212121212121212     
 -0.42212121212121212      -0.42212121212121212     
 -0.38191919191919199      -0.42212121212121212     
 -0.34171717171717164      -0.42212121212121212     
 -0.30151515151515151      -0.42212121212121212     
 -0.26131313131313139      -0.42212121212121212     
 -0.22111111111111104      -0.42212121212121212     
 -0.18090909090909091      -0.42212121212121212     
 -0.14070707070707056      -0.42212121212121212     
 -0.10050505050505043      -0.42212121212121212     
  -6.0303030303030303E-002 -0.42212121212121212     
  -2.0101010101009953E-002 -0.42212121212121212     
   2.0101010101009953E-002 -0.42212121212121212     
   6.0303030303030303E-002 -0.42212121212121212     
  0.10050505050505065      -0.42212121212121212     
  0.14070707070707056      -0.42212121212121212     
  0.18090909090909091      -0.42212121212121212     
  0.22111111111111126      -0.42212121212121212     
  0.26131313131313116      -0.42212121212121212     
  0.30151515151515151      -0.42212121212121212     
  0.34171717171717186      -0.42212121212121212     
  0.38191919191919177      -0.42212121212121212     
  0.42212121212121212      -0.42212121212121212     
  0.46232323232323247      -0.42212121212121212     
  0.50252525252525237      -0.42212121212121212     
  0.54272727272727272      -0.42212121212121212     
  0.58292929292929307      -0.42212121212121212     
  0.62313131313131298      -0.42212121212121212     
  0.66333333333333333      -0.42212121212121212     
  0.70353535353535368      -0.42212121212121212     
  0.74373737373737359      -0.42212121212121212     
 -0.74373737373737381      -0.38191919191919199     
 -0.70353535353535346      -0.38191919191919199     
 -0.66333333333333333      -0.38191919191919199     
 -0.62313131313131320      -0.38191919191919199     
 -0.58292929292929285      -0.38191919191919199     
 -0.54272727272727272      -0.38191919191919199     
 -0.50252525252525260      -0.38191919191919199     
 -0.46232323232323225      -0.38191919191919199     
 -0.42212121212121212      -0.38191919191919199     
 -0.38191919191919199      -0.38191919191919199     
 -0.34171717171717164      -0.38191919191919199     
 -0.30151515151515151      -0.38191919191919199     
 -0.26131313131313139      -0.38191919191919199     
 -0.22111111111111104      -0.38191919191919199     
 -0.18090909090909091      -0.38191919191919199     
 -0.14070707070707056      -0.38191919191919199     
 -0.10050505050505043      -0.38191919191919199     
  -6.0303030303030303E-002 -0.38191919191919199     
  -2.0101010101009953E-002 -0.38191919191919199     
   2.0101010101009953E-002 -0.38191919191919199     
   6.0303030303030303E-002 -0.38191919191919199     
  0.10050505050505065      -0.38191919191919199     
  0.14070707070707056      -0.38191919191919199     
  0.18090909090909091      -0.38191919191919199     
  0.22111111111111126      -0.38191919191919199     
  0.26131313131313116      -0.38191919191919199     
  0.30151515151515151      -0.38191919191919199     
  0.34171717171717186      -0.38191919191919199     
  0.38191919191919177      -0.38191919191919199     
  0.42212121212121212      -0.38191919191919199     
  0.46232323232323247      -0.38191919191919199     
  0.50252525252525237      -0.38191919191919199     
  0.54272727272727272      -0.38191919191919199     
  0.58292929292929307      -0.38191919191919199     
  0.62313131313131298      -0.38191919191919199     
  0.66333333333333333      -0.38191919191919199     
  0.70353535353535368      -0.38191919191919199     
  0.74373737373737359      -0.38191919191919199     
 -0.74373737373737381      -0.34171717171717164     
 -0.70353535353535346      -0.34171717171717164     
 -0.66333333333333333      -0.34171717171717164     
 -0.62313131313131320      -0.34171717171717164     
 -0.58292929292929285      -0.34171717171717164     
 -0.54272727272727272      -0.34171717171717164     
 -0.50252525252525260      -0.34171717171717164     
 -0.46232323232323225      -0.34171717171717164     
 -0.42212121212121212      -0.34171717171717164     
 -0.38191919191919199      -0.34171717171717164     
 -0.34171717171717164      -0.34171717171717164     
 -0.30151515151515151      -0.34171717171717164     
 -0.26131313131313139      -0.34171717171717164     
 -0.22111111111111104      -0.34171717171717164     
 -0.18090909090909091      -0.34171717171717164     
 -0.14070707070707056      -0.34171717171717164     
 -0.10050505050505043      -0.34171717171717164     
  -6.0303030303030303E-002 -0.34171717171717164     
  -2.0101010101009953E-002 -0.34171717171717164     
   2.0101010101009953E-002 -0.34171717171717164     
   6.0303030303030303E-002 -0.34171717171717164     
  0.10050505050505065      -0.34171717171717164     
  0.14070707070707056      -0.34171717171717164     
  0.18090909090909091      -0.34171717171717164     
  0.22111111111111126      -0.34171717171717164     
  0.26131313131313116      -0.34171717171717164     
  0.30151515151515151      -0.34171717171717164     
  0.34171717171717186      -0.34171717171717164     
  0.38191919191919177      -0.34171717171717164     
  0.42212121212121212      -0.34171717171717164     
  0.46232323232323247      -0.34171717171717164     
  0.50252525252525237      -0.34171717171717164     
  0.54272727272727272      -0.34171717171717164     
  0.58292929292929307      -0.34171717171717164     
  0.62313131313131298      -0.34171717171717164     
  0.66333333333333333      -0.34171717171717164     
  0.70353535353535368      -0.34171717171717164     
  0.74373737373737359      -0.34171717171717164     
 -0.74373737373737381      -0.30151515151515151     
 -0.70353535353535346      -0.30151515151515151     
 -0.66333333333333333      -0.30151515151515151     
 -0.62313131313131320      -0.30151515151515151     
 -0.58292929292929285      -0.30151515151515151     
 -0.54272727272727272      -0.30151515151515151     
 -0.50252525252525260      -0.30151515151515151     
 -0.46232323232323225      -0.30151515151515151     
 -0.42212121212121212      -0.30151515151515151     
 -0.38191919191919199      -0.30151515151515151     
 -0.34171717171717164      -0.30151515151515151     
 -0.30151515151515151      -0.30151515151515151     
 -0.26131313131313139      -0.30151515151515151     
 -0.22111111111111104      -0.30151515151515151     
 -0.18090909090909091      -0.30151515151515151     
 -0.14070707070707056      -0.30151515151515151     
 -0.10050505050505043      -0.30151515151515151     
  -6.0303030303030303E-002 -0.30151515151515151     
  -2.0101010101009953E-002 -0.30151515151515151     
   2.0101010101009953E-002 -0.30151515151515151     
   6.0303030303030303E-002 -0.30151515151515151     
  0.10050505050505065      -0.30151515151515151     
  0.14070707070707056      -0.30151515151515151     
  0.18090909090909091      -0.30151515151515151     
  0.22111111111111126      -0.30151515151515151     
  0.26131313131313116      -0.30151515151515151     
  0.30151515151515151      -0.30151515151515151     
  0.34171717171717186      -0.30151515151515151     
  0.38191919191919177      -0.30151515151515151     
  0.42212121212121212      -0.30151515151515151     
  0.46232323232323247      -0.30151515151515151     
  0.50252525252525237      -0.30151515151515151     
  0.54272727272727272      -0.30151515151515151     
  0.58292929292929307      -0.30151515151515151     
  0.62313131313131298      -0.30151515151515151     
  0.66333333333333333      -0.30151515151515151     
  0.70353535353535368      -0.30151515151515151     
  0.74373737373737359      -0.30151515151515151     
 -0.74373737373737381      -0.26131313131313139     
 -0.70353535353535346      -0.26131313131313139     
 -0.66333333333333333      -0.26131313131313139     
 -0.62313131313131320      -0.26131313131313139     
 -0.58292929292929285      -0.26131313131313139     
 -0.54272727272727272      -0.26131313131313139     
 -0.50252525252525260      -0.26131313131313139     
 -0.46232323232323225      -0.26131313131313139     
 -0.42212121212121212      -0.26131313131313139     
 -0.38191919191919199      -0.26131313131313139     
 -0.34171717171717164      -0.26131313131313139     
 -0.30151515151515151      -0.26131313131313139     
 -0.26131313131313139      -0.26131313131313139     
 -0.22111111111111104      -0.26131313131313139     
 -0.18090909090909091      -0.26131313131313139     
 -0.14070707070707056      -0.26131313131313139     
 -0.10050505050505043      -0.26131313131313139     
  -6.0303030303030303E-002 -0.26131313131313139     
  -2.0101010101009953E-002 -0.26131313131313139     
   2.0101010101009953E-002 -0.26131313131313139     
   6.0303030303030303E-002 -0.26131313131313139     
  0.10050505050505065      -0.26131313131313139     
  0.14070707070707056      -0.26131313131313139     
  0.18090909090909091      -0.26131313131313139     
  0.22111111111111126      -0.26131313131313139     
  0.26131313131313116      -0.26131313131313139     
  0.30151515151515151      -0.26131313131313139     
  0.34171717171717186      -0.26131313131313139     
  0.38191919191919177      -0.26131313131313139     
  0.42212121212121212      -0.26131313131313139     
  0.46232323232323247      -0.26131313131313139     
  0.50252525252525237      -0.26131313131313139     
  0.54272727272727272      -0.26131313131313139     
  0.58292929292929307      -0.26131313131313139     
  0.62313131313131298      -0.26131313131313139     
  0.66333333333333333      -0.26131313131313139     
  0.70353535353535368      -0.26131313131313139     
  0.74373737373737359      -0.26131313131313139     
 -0.74373737373737381      -0.22111111111111104     
 -0.70353535353535346      -0.22111111111111104     
 -0.66333333333333333      -0.22111111111111104     
 -0.62313131313131320      -0.22111111111111104     
 -0.58292929292929285      -0.22111111111111104     
 -0.54272727272727272      -0.22111111111111104     
 -0.50252525252525260      -0.22111111111111104     
 -0.46232323232323225      -0.22111111111111104     
 -0.42212121212121212      -0.22111111111111104     
 -0.38191919191919199      -0.22111111111111104     
 -0.34171717171717164      -0.22111111111111104     
 -0.30151515151515151      -0.22111111111111104     
 -0.26131313131313139      -0.22111111111111104     
 -0.22111111111111104      -0.22111111111111104     
 -0.18090909090909091      -0.22111111111111104     
 -0.14070707070707056      -0.22111111111111104     
 -0.10050505050505043      -0.22111111111111104     
  -6.0303030303030303E-002 -0.22111111111111104     
  -2.0101010101009953E-002 -0.22111111111111104     
   2.0101010101009953E-002 -0.22111111111111104     
   6.0303030303030303E-002 -0.22111111111111104     
  0.10050505050505065      -0.22111111111111104     
  0.14070707070707056      -0.22111111111111104     
  0.18090909090909091      -0.22111111111111104     
  0.22111111111111126      -0.22111111111111104     
  0.26131313131313116      -0.22111111111111104     
  0.30151515151515151      -0.22111111111111104     
  0.34171717171717186      -0.22111111111111104     
  0.38191919191919177      -0.22111111111111104     
  0.42212121212121212      -0.22111111111111104     
  0.46232323232323247      -0.22111111111111104     
  0.50252525252525237      -0.22111111111111104     
  0.54272727272727272      -0.22111111111111104     
  0.58292929292929307      -0.22111111111111104     
  0.62313131313131298      -0.22111111111111104     
  0.66333333333333333      -0.22111111111111104     
  0.70353535353535368      -0.22111111111111104     
  0.74373737373737359      -0.22111111111111104     
 -0.74373737373737381      -0.18090909090909091     
 -0.70353535353535346      -0.18090909090909091     
 -0.66333333333333333      -0.18090909090909091     
 -0.62313131313131320      -0.18090909090909091     
 -0.58292929292929285      -0.18090909090909091     
 -0.54272727272727272      -0.18090909090909091     
 -0.50252525252525260      -0.18090909090909091     
 -0.46232323232323225      -0.18090909090909091     
 -0.42212121212121212      -0.18090909090909091     
 -0.38191919191919199      -0.18090909090909091     
 -0.34171717171717164      -0.18090909090909091     
 -0.30151515151515151      -0.18090909090909091     
 -0.26131313131313139      -0.18090909090909091     
 -0.22111111111111104      -0.18090909090909091     
 -0.18090909090909091      -0.18090909090909091     
 -0.14070707070707056      -0.18090909090909091     
 -0.10050505050505043      -0.18090909090909091     
  -6.0303030303030303E-002 -0.18090909090909091     
  -2.0101010101009953E-002 -0.18090909090909091     
   2.0101010101009953E-002 -0.18090909090909091     
   6.0303030303030303E-002 -0.18090909090909091     
  0.10050505050505065      -0.18090909090909091     
  0.14070707070707056      -0.18090909090909091     
  0.18090909090909091      -0.18090909090909091     
  0.22111111111111126      -0.18090909090909091     
  0.26131313131313116      -0.18090909090909091     
  0.30151515151515151      -0.18090909090909091     
  0.34171717171717186      -0.18090909090909091     
  0.38191919191919177      -0.18090909090909091     
  0.42212121212121212      -0.18090909090909091     
  0.46232323232323247      -0.18090909090909091     
  0.50252525252525237      -0.18090909090909091     
  0.54272727272727272      -0.18090909090909091     
  0.58292929292929307      -0.18090909090909091     
  0.62313131313131298      -0.18090909090909091     
  0.66333333333333333      -0.18090909090909091     
  0.70353535353535368      -0.18090909090909091     
  0.74373737373737359      -0.18090909090909091     
 -0.74373737373737381      -0.14070707070707056     
 -0.70353535353535346      -0.14070707070707056     
 -0.66333333333333333      -0.14070707070707056     
 -0.62313131313131320      -0.14070707070707056     
 -0.58292929292929285      -0.14070707070707056     
 -0.54272727272727272      -0.14070707070707056     
 -0.50252525252525260      -0.14070707070707056     
 -0.46232323232323225      -0.14070707070707056     
 -0.42212121212121212      -0.14070707070707056     
 -0.38191919191919199      -0.14070707070707056     
 -0.34171717171717164      -0.14070707070707056     
 -0.30151515151515151      -0.14070707070707056     
 -0.26131313131313139      -0.14070707070707056     
 -0.22111111111111104      -0.14070707070707056     
 -0.18090909090909091      -0.14070707070707056     
 -0.14070707070707056      -0.14070707070707056     
 -0.10050505050505043      -0.14070707070707056     
  -6.0303030303030303E-002 -0.14070707070707056     
  -2.0101010101009953E-002 -0.14070707070707056     
   2.0101010101009953E-002 -0.14070707070707056     
   6.0303030303030303E-002 -0.14070707070707056     
  0.10050505050505065      -0.14070707070707056     
  0.14070707070707056      -0.14070707070707056     
  0.18090909090909091      -0.14070707070707056     
  0.22111111111111126      -0.14070707070707056     
  0.26131313131313116      -0.14070707070707056     
  0.30151515151515151      -0.14070707070707056     
  0.34171717171717186      -0.14070707070707056     
  0.38191919191919177      -0.14070707070707056     
  0.42212121212121212      -0.14070707070707056     
  0.46232323232323247      -0.14070707070707056     
  0.50252525252525237      -0.14070707070707056     
  0.54272727272727272      -0.14070707070707056     
  0.58292929292929307      -0.14070707070707056     
  0.62313131313131298      -0.14070707070707056     
  0.66333333333333333      -0.14070707070707056     
  0.70353535353535368      -0.14070707070707056     
  0.74373737373737359      -0.14070707070707056     
 -0.74373737373737381      -0.10050505050505043     
 -0.70353535353535346      -0.10050505050505043     
 -0.66333333333333333      -0.10050505050505043     
 -0.62313131313131320      -0.10050505050505043     
 -0.58292929292929285      -0.10050505050505043     
 -0.54272727272727272      -0.10050505050505043     
 -0.50252525252525260      -0.10050505050505043     
 -0.46232323232323225      -0.10050505050505043     
 -0.42212121212121212      -0.10050505050505043     
 -0.38191919191919199      -0.10050505050505043     
 -0.34171717171717164      -0.10050505050505043     
 -0.30151515151515151      -0.10050505050505043     
 -0.26131313131313139      -0.10050505050505043     
 -0.22111111111111104      -0.10050505050505043     
 -0.18090909090909091      -0.10050505050505043     
 -0.14070707070707056      -0.10050505050505043     
 -0.10050505050505043      -0.10050505050505043     
  -6.0303030303030303E-002 -0.10050505050505043     
  -2.0101010101009953E-002 -0.10050505050505043     
   2.0101010101009953E-002 -0.10050505050505043     
   6.0303030303030303E-002 -0.10050505050505043     
  0.10050505050505065      -0.10050505050505043     
  0.14070707070707056      -0.10050505050505043     
  0.18090909090909091      -0.10050505050505043     
  0.22111111111111126      -0.10050505050505043     
  0.26131313131313116      -0.10050505050505043     
  0.30151515151515151      -0.10050505050505043     
  0.34171717171717186      -0.10050505050505043     
  0.38191919191919177      -0.10050505050505043     
  0.42212121212121212      -0.10050505050505043     
  0.46232323232323247      -0.10050505050505043     
  0.50252525252525237      -0.10050505050505043     
  0.54272727272727272      -0.10050505050505043     
  0.58292929292929307      -0.10050505050505043     
  0.62313131313131298      -0.10050505050505043     
  0.66333333333333333      -0.10050505050505043     
  0.70353535353535368      -0.10050505050505043     
  0.74373737373737359      -0.10050505050505043     
 -0.74373737373737381       -6.0303030303030303E-002
 -0.70353535353535346       -6.0303030303030303E-002
 -0.66333333333333333       -6.0303030303030303E-002
 -0.62313131313131320       -6.0303030303030303E-002
 -0.58292929292929285       -6.0303030303030303E-002
 -0.54272727272727272       -6.0303030303030303E-002
 -0.50252525252525260       -6.0303030303030303E-002
 -0.46232323232323225       -6.0303030303030303E-002
 -0.42212121212121212       -6.0303030303030303E-002
 -0.38191919191919199       -6.0303030303030303E-002
 -0.34171717171717164       -6.0303030303030303E-002
 -0.30151515151515151       -6.0303030303030303E-002
 -0.26131313131313139       -6.0303030303030303E-002
 -0.22111111111111104       -6.0303030303030303E-002
 -0.18090909090909091       -6.0303030303030303E-002
 -0.14070707070707056       -6.0303030303030303E-002
 -0.10050505050505043       -6.0303030303030303E-002
  -6.0303030303030303E-002  -6.0303030303030303E-002
  -2.0101010101009953E-002  -6.0303030303030303E-002
   2.0101010101009953E-002  -6.0303030303030303E-002
   6.0303030303030303E-002  -6.0303030303030303E-002
  0.10050505050505065       -6.0303030303030303E-002
  0.14070707070707056       -6.0303030303030303E-002
  0.18090909090909091       -6.0303030303030303E-002
  0.22111111111111126       -6.0303030303030303E-002
  0.26131313131313116       -6.0303030303030303E-002
  0.30151515151515151       -6.0303030303030303E-002
  0.34171717171717186       -6.0303030303030303E-002
  0.38191919191919177       -6.0303030303030303E-002
  0.42212121212121212       -6.0303030303030303E-002
  0.46232323232323247       -6.0303030303030303E-002
  0.50252525252525237       -6.0303030303030303E-002
  0.54272727272727272       -6.0303030303030303E-002
  0.58292929292929307       -6.0303030303030303E-002
  0.62313131313131298       -6.0303030303030303E-002
  0.66333333333333333       -6.0303030303030303E-002
  0.70353535353535368       -6.0303030303030303E-002
  0.74373737373737359       -6.0303030303030303E-002
 -0.74373737373737381       -2.0101010101009953E-002
 -0.70353535353535346       -2.0101010101009953E-002
 -0.66333333333333333       -2.0101010101009953E-002
 -0.62313131313131320       -2.0101010101009953E-002
 -0.58292929292929285       -2.0101010101009953E-002
 -0.54272727272727272       -2.0101010101009953E-002
 -0.50252525252525260       -2.0101010101009953E-002
 -0.46232323232323225       -2.0101010101009953E-002
 -0.42212121212121212       -2.0101010101009953E-002
 -0.38191919191919199       -2.0101010101009953E-002
 -0.34171717171717164       -2.0101010101009953E-002
 -0.30151515151515151       -2.0101010101009953E-002
 -0.26131313131313139       -2.0101010101009953E-002
 -0.22111111111111104       -2.0101010101009953E-002
 -0.18090909090909091       -2.0101010101009953E-002
 -0.14070707070707056       -2.0101010101009953E-002
 -0.10050505050505043       -2.0101010101009953E-002
  -6.0303030303030303E-002  -2.0101010101009953E-002
  -2.0101010101009953E-002  -2.0101010101009953E-002
   2.0101010101009953E-002  -2.0101010101009953E-002
   6.0303030303030303E-002  -2.0101010101009953E-002
  0.10050505050505065       -2.0101010101009953E-002
  0.14070707070707056       -2.0101010101009953E-002
  0.18090909090909091       -2.0101010101009953E-002
  0.22111111111111126       -2.0101010101009953E-002
  0.26131313131313116       -2.0101010101009953E-002
  0.30151515151515151       -2.0101010101009953E-002
  0.34171717171717186       -2.0101010101009953E-002
  0.38191919191919177       -2.0101010101009953E-002
  0.42212121212121212       -2.0101010101009953E-002
  0.46232323232323247       -2.0101010101009953E-002
  0.50252525252525237       -2.0101010101009953E-002
  0.54272727272727272       -2.0101010101009953E-002
  0.58292929292929307       -2.0101010101009953E-002
  0.62313131313131298       -2.0101010101009953E-002
  0.66333333333333333       -2.0101010101009953E-002
  0.70353535353535368       -2.0101010101009953E-002
  0.74373737373737359       -2.0101010101009953E-002
 -0.74373737373737381        2.0101010101009953E-002
 -0.70353535353535346        2.0101010101009953E-002
 -0.66333333333333333        2.0101010101009953E-002
 -0.62313131313131320        2.0101010101009953E-002
 -0.58292929292929285        2.0101010101009953E-002
 -0.54272727272727272        2.0101010101009953E-002
 -0.50252525252525260        2.0101010101009953E-002
  0.50252525252525237        2.0101010101009953E-002
  0.54272727272727272        2.0101010101009953E-002
  0.58292929292929307        2.0101010101009953E-002
  0.62313131313131298        2.0101010101009953E-002
  0.66333333333333333        2.0101010101009953E-002
  0.70353535353535368        2.0101010101009953E-002
  0.74373737373737359        2.0101010101009953E-002
 -0.74373737373737381        6.0303030303030303E-002
 -0.70353535353535346        6.0303030303030303E-002
 -0.66333333333333333        6.0303030303030303E-002
 -0.62313131313131320        6.0303030303030303E-002
 -0.58292929292929285        6.0303030303030303E-002
 -0.54272727272727272        6.0303030303030303E-002
 -0.50252525252525260        6.0303030303030303E-002
  0.50252525252525237        6.0303030303030303E-002
  0.54272727272727272        6.0303030303030303E-002
  0.58292929292929307        6.0303030303030303E-002
  0.62313131313131298        6.0303030303030303E-002
  0.66333333333333333        6.0303030303030303E-002
  0.70353535353535368        6.0303030303030303E-002
  0.74373737373737359        6.0303030303030303E-002
 -0.74373737373737381       0.10050505050505065     
 -0.70353535353535346       0.10050505050505065     
 -0.66333333333333333       0.10050505050505065     
 -0.62313131313131320       0.10050505050505065     
 -0.58292929292929285       0.10050505050505065     
 -0.54272727272727272       0.10050505050505065     
 -0.50252525252525260       0.10050505050505065     
  0.50252525252525237       0.10050505050505065     
  0.54272727272727272       0.10050505050505065     
  0.58292929292929307       0.10050505050505065     
  0.62313131313131298       0.10050505050505065     
  0.66333333333333333       0.10050505050505065     
  0.70353535353535368       0.10050505050505065     
  0.74373737373737359       0.10050505050505065     
 -0.74373737373737381       0.14070707070707056     
 -0.70353535353535346       0.14070707070707056     
 -0.66333333333333333       0.14070707070707056     
 -0.62313131313131320       0.14070707070707056     
 -0.58292929292929285       0.14070707070707056     
 -0.54272727272727272       0.14070707070707056     
 -0.50252525252525260       0.14070707070707056     
  0.50252525252525237       0.14070707070707056     
  0.54272727272727272       0.14070707070707056     
  0.58292929292929307       0.14070707070707056     
  0.62313131313131298       0.14070707070707056     
  0.66333333333333333       0.14070707070707056     
  0.70353535353535368       0.14070707070707056     
  0.74373737373737359       0.14070707070707056     
 -0.74373737373737381       0.18090909090909091     
 -0.70353535353535346       0.18090909090909091     
 -0.66333333333333333       0.18090909090909091     
 -0.62313131313131320       0.18090909090909091     
 -0.58292929292929285       0.18090909090909091     
 -0.54272727272727272       0.18090909090909091     
 -0.50252525252525260       0.18090909090909091     
  0.50252525252525237       0.18090909090909091     
  0.54272727272727272       0.18090909090909091     
  0.58292929292929307       0.18090909090909091     
  0.62313131313131298       0.18090909090909091     
  0.66333333333333333       0.18090909090909091     
  0.70353535353535368       0.18090909090909091     
  0.74373737373737359       0.18090909090909091     
 -0.74373737373737381       0.22111111111111126     
 -0.70353535353535346       0.22111111111111126     
 -0.66333333333333333       0.22111111111111126     
 -0.62313131313131320       0.22111111111111126     
 -0.58292929292929285       0.22111111111111126     
 -0.54272727272727272       0.22111111111111126     
 -0.50252525252525260       0.22111111111111126     
  0.50252525252525237       0.22111111111111126     
  0.54272727272727272       0.22111111111111126     
  0.58292929292929307       0.22111111111111126     
  0.62313131313131298       0.22111111111111126     
  0.66333333333333333       0.22111111111111126     
  0.70353535353535368       0.22111111111111126     
  0.74373737373737359       0.22111111111111126     
 -0.74373737373737381       0.26131313131313116     
 -0.70353535353535346       0.26131313131313116     
 -0.66333333333333333       0.26131313131313116     
 -0.62313131313131320       0.26131313131313116     
 -0.58292929292929285       0.26131313131313116     
 -0.54272727272727272       0.26131313131313116     
 -0.50252525252525260       0.26131313131313116     
  0.50252525252525237       0.26131313131313116     
  0.54272727272727272       0.26131313131313116     
  0.58292929292929307       0.26131313131313116     
  0.62313131313131298       0.26131313131313116     
  0.66333333333333333       0.26131313131313116     
  0.70353535353535368       0.26131313131313116     
  0.74373737373737359       0.26131313131313116     
 -0.74373737373737381       0.30151515151515151     
 -0.70353535353535346       0.30151515151515151     
 -0.66333333333333333       0.30151515151515151     
 -0.62313131313131320       0.30151515151515151     
 -0.58292929292929285       0.30151515151515151     
 -0.54272727272727272       0.30151515151515151     
 -0.50252525252525260       0.30151515151515151     
  0.50252525252525237       0.30151515151515151     
  0.54272727272727272       0.30151515151515151     
  0.58292929292929307       0.30151515151515151     
  0.62313131313131298       0.30151515151515151     
  0.66333333333333333       0.30151515151515151     
  0.70353535353535368       0.30151515151515151     
  0.74373737373737359       0.30151515151515151     
 -0.74373737373737381       0.34171717171717186     
 -0.70353535353535346       0.34171717171717186     
 -0.66333333333333333       0.34171717171717186     
 -0.62313131313131320       0.34171717171717186     
 -0.58292929292929285       0.34171717171717186     
 -0.54272727272727272       0.34171717171717186     
 -0.50252525252525260       0.34171717171717186     
  0.50252525252525237       0.34171717171717186     
  0.54272727272727272       0.34171717171717186     
  0.58292929292929307       0.34171717171717186     
  0.62313131313131298       0.34171717171717186     
  0.66333333333333333       0.34171717171717186     
  0.70353535353535368       0.34171717171717186     
  0.74373737373737359       0.34171717171717186     
 -0.74373737373737381       0.38191919191919177     
 -0.70353535353535346       0.38191919191919177     
 -0.66333333333333333       0.38191919191919177     
 -0.62313131313131320       0.38191919191919177     
 -0.58292929292929285       0.38191919191919177     
 -0.54272727272727272       0.38191919191919177     
 -0.50252525252525260       0.38191919191919177     
  0.50252525252525237       0.38191919191919177     
  0.54272727272727272       0.38191919191919177     
  0.58292929292929307       0.38191919191919177     
  0.62313131313131298       0.38191919191919177     
  0.66333333333333333       0.38191919191919177     
  0.70353535353535368       0.38191919191919177     
  0.74373737373737359       0.38191919191919177     
 -0.74373737373737381       0.42212121212121212     
 -0.70353535353535346       0.42212121212121212     
 -0.66333333333333333       0.42212121212121212     
 -0.62313131313131320       0.42212121212121212     
 -0.58292929292929285       0.42212121212121212     
 -0.54272727272727272       0.42212121212121212     
 -0.50252525252525260       0.42212121212121212     
  0.50252525252525237       0.42212121212121212     
  0.54272727272727272       0.42212121212121212     
  0.58292929292929307       0.42212121212121212     
  0.62313131313131298       0.42212121212121212     
  0.66333333333333333       0.42212121212121212     
  0.70353535353535368       0.42212121212121212     
  0.74373737373737359       0.42212121212121212     
 -0.74373737373737381       0.46232323232323247     
 -0.70353535353535346       0.46232323232323247     
 -0.66333333333333333       0.46232323232323247     
 -0.62313131313131320       0.46232323232323247     
 -0.58292929292929285       0.46232323232323247     
 -0.54272727272727272       0.46232323232323247     
 -0.50252525252525260       0.46232323232323247     
  0.50252525252525237       0.46232323232323247     
  0.54272727272727272       0.46232323232323247     
  0.58292929292929307       0.46232323232323247     
  0.62313131313131298       0.46232323232323247     
  0.66333333333333333       0.46232323232323247     
  0.70353535353535368       0.46232323232323247     
  0.74373737373737359       0.46232323232323247     
