 -0.71279999999999999      -0.19799999999999995     
 -0.69300000000000006      -0.19799999999999995     
 -0.67320000000000002      -0.19799999999999995     
 -0.77220000000000000      -0.17820000000000003     
 -0.75239999999999996      -0.17820000000000003     
 -0.73260000000000003      -0.17820000000000003     
 -0.71279999999999999      -0.17820000000000003     
 -0.69300000000000006      -0.17820000000000003     
 -0.67320000000000002      -0.17820000000000003     
 -0.65339999999999998      -0.17820000000000003     
 -0.63359999999999994      -0.17820000000000003     
 -0.61380000000000001      -0.17820000000000003     
 -0.81179999999999997      -0.15839999999999999     
 -0.79200000000000004      -0.15839999999999999     
 -0.77220000000000000      -0.15839999999999999     
 -0.75239999999999996      -0.15839999999999999     
 -0.73260000000000003      -0.15839999999999999     
 -0.71279999999999999      -0.15839999999999999     
 -0.69300000000000006      -0.15839999999999999     
 -0.67320000000000002      -0.15839999999999999     
 -0.65339999999999998      -0.15839999999999999     
 -0.63359999999999994      -0.15839999999999999     
 -0.61380000000000001      -0.15839999999999999     
 -0.59399999999999997      -0.15839999999999999     
 -0.83160000000000001      -0.13859999999999995     
 -0.81179999999999997      -0.13859999999999995     
 -0.79200000000000004      -0.13859999999999995     
 -0.77220000000000000      -0.13859999999999995     
 -0.75239999999999996      -0.13859999999999995     
 -0.73260000000000003      -0.13859999999999995     
 -0.71279999999999999      -0.13859999999999995     
 -0.69300000000000006      -0.13859999999999995     
 -0.67320000000000002      -0.13859999999999995     
 -0.65339999999999998      -0.13859999999999995     
 -0.63359999999999994      -0.13859999999999995     
 -0.61380000000000001      -0.13859999999999995     
 -0.59399999999999997      -0.13859999999999995     
 -0.57420000000000004      -0.13859999999999995     
 -0.85139999999999993      -0.11879999999999991     
 -0.83160000000000001      -0.11879999999999991     
 -0.81179999999999997      -0.11879999999999991     
 -0.79200000000000004      -0.11879999999999991     
 -0.77220000000000000      -0.11879999999999991     
 -0.75239999999999996      -0.11879999999999991     
 -0.73260000000000003      -0.11879999999999991     
 -0.71279999999999999      -0.11879999999999991     
 -0.69300000000000006      -0.11879999999999991     
 -0.67320000000000002      -0.11879999999999991     
 -0.65339999999999998      -0.11879999999999991     
 -0.63359999999999994      -0.11879999999999991     
 -0.61380000000000001      -0.11879999999999991     
 -0.59399999999999997      -0.11879999999999991     
 -0.57420000000000004      -0.11879999999999991     
 -0.55440000000000000      -0.11879999999999991     
 -0.87119999999999997       -9.9000000000000088E-002
 -0.85139999999999993       -9.9000000000000088E-002
 -0.83160000000000001       -9.9000000000000088E-002
 -0.81179999999999997       -9.9000000000000088E-002
 -0.79200000000000004       -9.9000000000000088E-002
 -0.77220000000000000       -9.9000000000000088E-002
 -0.75239999999999996       -9.9000000000000088E-002
 -0.73260000000000003       -9.9000000000000088E-002
 -0.71279999999999999       -9.9000000000000088E-002
 -0.69300000000000006       -9.9000000000000088E-002
 -0.67320000000000002       -9.9000000000000088E-002
 -0.65339999999999998       -9.9000000000000088E-002
 -0.63359999999999994       -9.9000000000000088E-002
 -0.61380000000000001       -9.9000000000000088E-002
 -0.59399999999999997       -9.9000000000000088E-002
 -0.57420000000000004       -9.9000000000000088E-002
 -0.55440000000000000       -9.9000000000000088E-002
 -0.53459999999999996       -9.9000000000000088E-002
 -0.87119999999999997       -7.9200000000000048E-002
 -0.85139999999999993       -7.9200000000000048E-002
 -0.83160000000000001       -7.9200000000000048E-002
 -0.81179999999999997       -7.9200000000000048E-002
 -0.79200000000000004       -7.9200000000000048E-002
 -0.77220000000000000       -7.9200000000000048E-002
 -0.75239999999999996       -7.9200000000000048E-002
 -0.73260000000000003       -7.9200000000000048E-002
 -0.71279999999999999       -7.9200000000000048E-002
 -0.69300000000000006       -7.9200000000000048E-002
 -0.67320000000000002       -7.9200000000000048E-002
 -0.65339999999999998       -7.9200000000000048E-002
 -0.63359999999999994       -7.9200000000000048E-002
 -0.61380000000000001       -7.9200000000000048E-002
 -0.59399999999999997       -7.9200000000000048E-002
 -0.57420000000000004       -7.9200000000000048E-002
 -0.55440000000000000       -7.9200000000000048E-002
 -0.53459999999999996       -7.9200000000000048E-002
 -0.87119999999999997       -5.9400000000000008E-002
 -0.85139999999999993       -5.9400000000000008E-002
 -0.83160000000000001       -5.9400000000000008E-002
 -0.81179999999999997       -5.9400000000000008E-002
 -0.79200000000000004       -5.9400000000000008E-002
 -0.77220000000000000       -5.9400000000000008E-002
 -0.75239999999999996       -5.9400000000000008E-002
 -0.73260000000000003       -5.9400000000000008E-002
 -0.71279999999999999       -5.9400000000000008E-002
 -0.69300000000000006       -5.9400000000000008E-002
 -0.67320000000000002       -5.9400000000000008E-002
 -0.65339999999999998       -5.9400000000000008E-002
 -0.63359999999999994       -5.9400000000000008E-002
 -0.61380000000000001       -5.9400000000000008E-002
 -0.59399999999999997       -5.9400000000000008E-002
 -0.57420000000000004       -5.9400000000000008E-002
 -0.55440000000000000       -5.9400000000000008E-002
 -0.53459999999999996       -5.9400000000000008E-002
 -0.51480000000000004       -5.9400000000000008E-002
 -0.89100000000000001       -3.9600000000000080E-002
 -0.87119999999999997       -3.9600000000000080E-002
 -0.85139999999999993       -3.9600000000000080E-002
 -0.83160000000000001       -3.9600000000000080E-002
 -0.81179999999999997       -3.9600000000000080E-002
 -0.79200000000000004       -3.9600000000000080E-002
 -0.77220000000000000       -3.9600000000000080E-002
 -0.75239999999999996       -3.9600000000000080E-002
 -0.73260000000000003       -3.9600000000000080E-002
 -0.71279999999999999       -3.9600000000000080E-002
 -0.69300000000000006       -3.9600000000000080E-002
 -0.67320000000000002       -3.9600000000000080E-002
 -0.65339999999999998       -3.9600000000000080E-002
 -0.63359999999999994       -3.9600000000000080E-002
 -0.61380000000000001       -3.9600000000000080E-002
 -0.59399999999999997       -3.9600000000000080E-002
 -0.57420000000000004       -3.9600000000000080E-002
 -0.55440000000000000       -3.9600000000000080E-002
 -0.53459999999999996       -3.9600000000000080E-002
 -0.51480000000000004       -3.9600000000000080E-002
 -0.89100000000000001       -1.9800000000000040E-002
 -0.87119999999999997       -1.9800000000000040E-002
 -0.85139999999999993       -1.9800000000000040E-002
 -0.83160000000000001       -1.9800000000000040E-002
 -0.81179999999999997       -1.9800000000000040E-002
 -0.79200000000000004       -1.9800000000000040E-002
 -0.77220000000000000       -1.9800000000000040E-002
 -0.75239999999999996       -1.9800000000000040E-002
 -0.73260000000000003       -1.9800000000000040E-002
 -0.71279999999999999       -1.9800000000000040E-002
 -0.69300000000000006       -1.9800000000000040E-002
 -0.67320000000000002       -1.9800000000000040E-002
 -0.65339999999999998       -1.9800000000000040E-002
 -0.63359999999999994       -1.9800000000000040E-002
 -0.61380000000000001       -1.9800000000000040E-002
 -0.59399999999999997       -1.9800000000000040E-002
 -0.57420000000000004       -1.9800000000000040E-002
 -0.55440000000000000       -1.9800000000000040E-002
 -0.53459999999999996       -1.9800000000000040E-002
 -0.51480000000000004       -1.9800000000000040E-002
 -0.89100000000000001        0.0000000000000000     
 -0.87119999999999997        0.0000000000000000     
 -0.85139999999999993        0.0000000000000000     
 -0.83160000000000001        0.0000000000000000     
 -0.81179999999999997        0.0000000000000000     
 -0.79200000000000004        0.0000000000000000     
 -0.77220000000000000        0.0000000000000000     
 -0.75239999999999996        0.0000000000000000     
 -0.73260000000000003        0.0000000000000000     
 -0.71279999999999999        0.0000000000000000     
 -0.69300000000000006        0.0000000000000000     
 -0.67320000000000002        0.0000000000000000     
 -0.65339999999999998        0.0000000000000000     
 -0.63359999999999994        0.0000000000000000     
 -0.61380000000000001        0.0000000000000000     
 -0.59399999999999997        0.0000000000000000     
 -0.57420000000000004        0.0000000000000000     
 -0.55440000000000000        0.0000000000000000     
 -0.53459999999999996        0.0000000000000000     
 -0.51480000000000004        0.0000000000000000     
 -0.89100000000000001        1.9800000000000040E-002
 -0.87119999999999997        1.9800000000000040E-002
 -0.85139999999999993        1.9800000000000040E-002
 -0.83160000000000001        1.9800000000000040E-002
 -0.81179999999999997        1.9800000000000040E-002
 -0.79200000000000004        1.9800000000000040E-002
 -0.77220000000000000        1.9800000000000040E-002
 -0.75239999999999996        1.9800000000000040E-002
 -0.73260000000000003        1.9800000000000040E-002
 -0.71279999999999999        1.9800000000000040E-002
 -0.69300000000000006        1.9800000000000040E-002
 -0.67320000000000002        1.9800000000000040E-002
 -0.65339999999999998        1.9800000000000040E-002
 -0.63359999999999994        1.9800000000000040E-002
 -0.61380000000000001        1.9800000000000040E-002
 -0.59399999999999997        1.9800000000000040E-002
 -0.57420000000000004        1.9800000000000040E-002
 -0.55440000000000000        1.9800000000000040E-002
 -0.53459999999999996        1.9800000000000040E-002
 -0.51480000000000004        1.9800000000000040E-002
 -0.89100000000000001        3.9599999999999858E-002
 -0.87119999999999997        3.9599999999999858E-002
 -0.85139999999999993        3.9599999999999858E-002
 -0.83160000000000001        3.9599999999999858E-002
 -0.81179999999999997        3.9599999999999858E-002
 -0.79200000000000004        3.9599999999999858E-002
 -0.77220000000000000        3.9599999999999858E-002
 -0.75239999999999996        3.9599999999999858E-002
 -0.73260000000000003        3.9599999999999858E-002
 -0.71279999999999999        3.9599999999999858E-002
 -0.69300000000000006        3.9599999999999858E-002
 -0.67320000000000002        3.9599999999999858E-002
 -0.65339999999999998        3.9599999999999858E-002
 -0.63359999999999994        3.9599999999999858E-002
 -0.61380000000000001        3.9599999999999858E-002
 -0.59399999999999997        3.9599999999999858E-002
 -0.57420000000000004        3.9599999999999858E-002
 -0.55440000000000000        3.9599999999999858E-002
 -0.53459999999999996        3.9599999999999858E-002
 -0.51480000000000004        3.9599999999999858E-002
 -0.87119999999999997        5.9399999999999897E-002
 -0.85139999999999993        5.9399999999999897E-002
 -0.83160000000000001        5.9399999999999897E-002
 -0.81179999999999997        5.9399999999999897E-002
 -0.79200000000000004        5.9399999999999897E-002
 -0.77220000000000000        5.9399999999999897E-002
 -0.75239999999999996        5.9399999999999897E-002
 -0.73260000000000003        5.9399999999999897E-002
 -0.71279999999999999        5.9399999999999897E-002
 -0.69300000000000006        5.9399999999999897E-002
 -0.67320000000000002        5.9399999999999897E-002
 -0.65339999999999998        5.9399999999999897E-002
 -0.63359999999999994        5.9399999999999897E-002
 -0.61380000000000001        5.9399999999999897E-002
 -0.59399999999999997        5.9399999999999897E-002
 -0.57420000000000004        5.9399999999999897E-002
 -0.55440000000000000        5.9399999999999897E-002
 -0.53459999999999996        5.9399999999999897E-002
 -0.51480000000000004        5.9399999999999897E-002
 -0.87119999999999997        7.9199999999999937E-002
 -0.85139999999999993        7.9199999999999937E-002
 -0.83160000000000001        7.9199999999999937E-002
 -0.81179999999999997        7.9199999999999937E-002
 -0.79200000000000004        7.9199999999999937E-002
 -0.77220000000000000        7.9199999999999937E-002
 -0.75239999999999996        7.9199999999999937E-002
 -0.73260000000000003        7.9199999999999937E-002
 -0.71279999999999999        7.9199999999999937E-002
 -0.69300000000000006        7.9199999999999937E-002
 -0.67320000000000002        7.9199999999999937E-002
 -0.65339999999999998        7.9199999999999937E-002
 -0.63359999999999994        7.9199999999999937E-002
 -0.61380000000000001        7.9199999999999937E-002
 -0.59399999999999997        7.9199999999999937E-002
 -0.57420000000000004        7.9199999999999937E-002
 -0.55440000000000000        7.9199999999999937E-002
 -0.53459999999999996        7.9199999999999937E-002
 -0.87119999999999997        9.8999999999999977E-002
 -0.85139999999999993        9.8999999999999977E-002
 -0.83160000000000001        9.8999999999999977E-002
 -0.81179999999999997        9.8999999999999977E-002
 -0.79200000000000004        9.8999999999999977E-002
 -0.77220000000000000        9.8999999999999977E-002
 -0.75239999999999996        9.8999999999999977E-002
 -0.73260000000000003        9.8999999999999977E-002
 -0.71279999999999999        9.8999999999999977E-002
 -0.69300000000000006        9.8999999999999977E-002
 -0.67320000000000002        9.8999999999999977E-002
 -0.65339999999999998        9.8999999999999977E-002
 -0.63359999999999994        9.8999999999999977E-002
 -0.61380000000000001        9.8999999999999977E-002
 -0.59399999999999997        9.8999999999999977E-002
 -0.57420000000000004        9.8999999999999977E-002
 -0.55440000000000000        9.8999999999999977E-002
 -0.53459999999999996        9.8999999999999977E-002
 -0.85139999999999993       0.11880000000000002     
 -0.83160000000000001       0.11880000000000002     
 -0.81179999999999997       0.11880000000000002     
 -0.79200000000000004       0.11880000000000002     
 -0.77220000000000000       0.11880000000000002     
 -0.75239999999999996       0.11880000000000002     
 -0.73260000000000003       0.11880000000000002     
 -0.71279999999999999       0.11880000000000002     
 -0.69300000000000006       0.11880000000000002     
 -0.67320000000000002       0.11880000000000002     
 -0.65339999999999998       0.11880000000000002     
 -0.63359999999999994       0.11880000000000002     
 -0.61380000000000001       0.11880000000000002     
 -0.59399999999999997       0.11880000000000002     
 -0.57420000000000004       0.11880000000000002     
 -0.55440000000000000       0.11880000000000002     
 -0.83160000000000001       0.13860000000000006     
 -0.81179999999999997       0.13860000000000006     
 -0.79200000000000004       0.13860000000000006     
 -0.77220000000000000       0.13860000000000006     
 -0.75239999999999996       0.13860000000000006     
 -0.73260000000000003       0.13860000000000006     
 -0.71279999999999999       0.13860000000000006     
 -0.69300000000000006       0.13860000000000006     
 -0.67320000000000002       0.13860000000000006     
 -0.65339999999999998       0.13860000000000006     
 -0.63359999999999994       0.13860000000000006     
 -0.61380000000000001       0.13860000000000006     
 -0.59399999999999997       0.13860000000000006     
 -0.57420000000000004       0.13860000000000006     
 -0.81179999999999997       0.15840000000000010     
 -0.79200000000000004       0.15840000000000010     
 -0.77220000000000000       0.15840000000000010     
 -0.75239999999999996       0.15840000000000010     
 -0.73260000000000003       0.15840000000000010     
 -0.71279999999999999       0.15840000000000010     
 -0.69300000000000006       0.15840000000000010     
 -0.67320000000000002       0.15840000000000010     
 -0.65339999999999998       0.15840000000000010     
 -0.63359999999999994       0.15840000000000010     
 -0.61380000000000001       0.15840000000000010     
 -0.59399999999999997       0.15840000000000010     
 -0.77220000000000000       0.17819999999999991     
 -0.75239999999999996       0.17819999999999991     
 -0.73260000000000003       0.17819999999999991     
 -0.71279999999999999       0.17819999999999991     
 -0.69300000000000006       0.17819999999999991     
 -0.67320000000000002       0.17819999999999991     
 -0.65339999999999998       0.17819999999999991     
 -0.63359999999999994       0.17819999999999991     
 -0.61380000000000001       0.17819999999999991     
 -0.71279999999999999       0.19799999999999995     
 -0.69300000000000006       0.19799999999999995     
 -0.67320000000000002       0.19799999999999995     
